  1.05  1.05  1.05  1.05  1.05  1.05  1.05  1.05  1.05  1.05  1.05  1.05  1.05  1.05  1.05  1.05  1.05  1.05  1.05  1.05  1.05  1.05  1.05  1.05  1.05  1.05  1.05  1.05  1.05  1.05  1.05  1.05  1.05  1.05  1.05  1.05  1.05  1.05  1.05  1.05  1.05  1.05  1.05  1.05  1.05  1.05  1.05  1.05  1.05  1.05  1.05  1.05  1.05  1.05  1.05  1.05  1.05  1.05  1.05  1.05  1.05  1.05  1.05  1.05
  1.06  1.06  1.06  1.06  1.06  1.06  1.06  1.06  1.06  1.06  1.06  1.05  1.05  1.05  1.05  1.05  1.05  1.05  1.05  1.05  1.05  1.05  1.05  1.05  1.05  1.05  1.05  1.05  1.05  1.05  1.05  1.05  1.05  1.05  1.05  1.05  1.05  1.05  1.05  1.05  1.05  1.05  1.05  1.05  1.05  1.05  1.05  1.05  1.05  1.05  1.05  1.05  1.05  1.05  1.06  1.06  1.06  1.06  1.06  1.06  1.06  1.06  1.06  1.06
  1.06  1.06  1.06  1.06  1.06  1.06  1.06  1.06  1.06  1.06  1.06  1.06  1.06  1.05  1.05  1.05  1.05  1.05  1.05  1.05  1.05  1.05  1.05  1.05  1.05  1.05  1.05  1.05  1.05  1.05  1.05  1.05  1.05  1.05  1.05  1.05  1.05  1.05  1.05  1.05  1.05  1.05  1.05  1.05  1.05  1.05  1.05  1.05  1.05  1.05  1.05  1.05  1.06  1.06  1.06  1.06  1.06  1.06  1.06  1.06  1.06  1.06  1.06  1.06
  1.07  1.07  1.07  1.07  1.07  1.06  1.06  1.06  1.06  1.06  1.06  1.06  1.06  1.06  1.05  1.05  1.05  1.05  1.05  1.05  1.05  1.05  1.05  1.05  1.05  1.04  1.04  1.04  1.04  1.04  1.04  1.04  1.04  1.04  1.04  1.04  1.04  1.04  1.04  1.04  1.05  1.05  1.05  1.05  1.05  1.05  1.05  1.05  1.05  1.05  1.05  1.06  1.06  1.06  1.06  1.06  1.06  1.06  1.06  1.06  1.07  1.07  1.07  1.07
  1.07  1.07  1.07  1.07  1.07  1.07  1.07  1.07  1.06  1.06  1.06  1.06  1.06  1.06  1.06  1.05  1.05  1.05  1.05  1.05  1.05  1.05  1.05  1.04  1.04  1.04  1.04  1.04  1.04  1.04  1.04  1.04  1.04  1.04  1.04  1.04  1.04  1.04  1.04  1.04  1.04  1.04  1.05  1.05  1.05  1.05  1.05  1.05  1.05  1.05  1.06  1.06  1.06  1.06  1.06  1.06  1.06  1.07  1.07  1.07  1.07  1.07  1.07  1.07
  1.08  1.08  1.08  1.08  1.08  1.07  1.07  1.07  1.07  1.07  1.06  1.06  1.06  1.06  1.06  1.05  1.05  1.05  1.05  1.05  1.05  1.04  1.04  1.04  1.04  1.04  1.04  1.04  1.04  1.04  1.04  1.04  1.04  1.04  1.04  1.04  1.04  1.04  1.04  1.04  1.04  1.04  1.04  1.04  1.05  1.05  1.05  1.05  1.05  1.05  1.06  1.06  1.06  1.06  1.06  1.07  1.07  1.07  1.07  1.07  1.08  1.08  1.08  1.08
  1.09  1.09  1.08  1.08  1.08  1.08  1.08  1.08  1.07  1.07  1.07  1.06  1.06  1.06  1.06  1.05  1.05  1.05  1.05  1.05  1.05  1.04  1.04  1.04  1.04  1.04  1.04  1.04  1.04  1.04  1.04  1.04  1.04  1.04  1.04  1.04  1.04  1.04  1.04  1.04  1.04  1.04  1.04  1.04  1.05  1.05  1.05  1.05  1.05  1.05  1.06  1.06  1.06  1.06  1.07  1.07  1.07  1.08  1.08  1.08  1.08  1.08  1.08  1.09
  1.10  1.09  1.09  1.09  1.09  1.09  1.08  1.08  1.08  1.07  1.07  1.07  1.06  1.06  1.06  1.05  1.05  1.05  1.05  1.05  1.04  1.04  1.04  1.04  1.04  1.04  1.04  1.04  1.04  1.04  1.04  1.04  1.04  1.04  1.04  1.04  1.04  1.04  1.04  1.04  1.04  1.04  1.04  1.04  1.04  1.05  1.05  1.05  1.05  1.05  1.06  1.06  1.06  1.07  1.07  1.07  1.08  1.08  1.08  1.09  1.09  1.09  1.09  1.09
  1.11  1.11  1.10  1.10  1.10  1.10  1.09  1.09  1.08  1.08  1.07  1.07  1.07  1.06  1.06  1.06  1.05  1.05  1.05  1.05  1.04  1.04  1.04  1.04  1.04  1.04  1.04  1.04  1.03  1.03  1.03  1.03  1.03  1.03  1.03  1.03  1.03  1.04  1.04  1.04  1.04  1.04  1.04  1.04  1.04  1.05  1.05  1.05  1.05  1.06  1.06  1.06  1.07  1.07  1.07  1.08  1.08  1.09  1.09  1.10  1.10  1.10  1.10  1.11
  1.12  1.12  1.12  1.11  1.11  1.10  1.10  1.09  1.09  1.08  1.08  1.07  1.07  1.06  1.06  1.06  1.05  1.05  1.05  1.04  1.04  1.04  1.04  1.04  1.04  1.04  1.03  1.03  1.03  1.03  1.03  1.03  1.03  1.03  1.03  1.03  1.03  1.03  1.03  1.04  1.04  1.04  1.04  1.04  1.04  1.04  1.05  1.05  1.05  1.06  1.06  1.06  1.07  1.07  1.08  1.08  1.09  1.09  1.10  1.10  1.11  1.11  1.12  1.12
  1.14  1.14  1.13  1.13  1.12  1.12  1.11  1.10  1.09  1.09  1.08  1.08  1.07  1.06  1.06  1.06  1.05  1.05  1.05  1.04  1.04  1.04  1.04  1.04  1.04  1.03  1.03  1.03  1.03  1.03  1.03  1.03  1.03  1.03  1.03  1.03  1.03  1.03  1.03  1.03  1.04  1.04  1.04  1.04  1.04  1.04  1.05  1.05  1.05  1.06  1.06  1.06  1.07  1.08  1.08  1.09  1.09  1.10  1.11  1.12  1.12  1.13  1.13  1.14
  1.16  1.16  1.16  1.15  1.14  1.13  1.12  1.11  1.10  1.09  1.09  1.08  1.07  1.07  1.06  1.06  1.05  1.05  1.05  1.04  1.04  1.04  1.04  1.04  1.03  1.03  1.03  1.03  1.03  1.03  1.03  1.03  1.03  1.03  1.03  1.03  1.03  1.03  1.03  1.03  1.03  1.04  1.04  1.04  1.04  1.04  1.05  1.05  1.05  1.06  1.06  1.07  1.07  1.08  1.09  1.09  1.10  1.11  1.12  1.13  1.14  1.15  1.16  1.16
  1.20  1.20  1.19  1.18  1.17  1.15  1.14  1.12  1.11  1.10  1.09  1.08  1.07  1.07  1.06  1.06  1.05  1.05  1.05  1.04  1.04  1.04  1.04  1.03  1.03  1.03  1.03  1.03  1.03  1.03  1.03  1.03  1.03  1.03  1.03  1.03  1.03  1.03  1.03  1.03  1.03  1.03  1.04  1.04  1.04  1.04  1.05  1.05  1.05  1.06  1.06  1.07  1.07  1.08  1.09  1.10  1.11  1.12  1.14  1.15  1.17  1.18  1.19  1.20
  1.25  1.25  1.24  1.22  1.20  1.18  1.16  1.14  1.12  1.11  1.10  1.09  1.08  1.07  1.06  1.06  1.05  1.05  1.04  1.04  1.04  1.04  1.04  1.03  1.03  1.03  1.03  1.03  1.03  1.03  1.03  1.03  1.03  1.03  1.03  1.03  1.03  1.03  1.03  1.03  1.03  1.03  1.04  1.04  1.04  1.04  1.04  1.05  1.05  1.06  1.06  1.07  1.08  1.09  1.10  1.11  1.12  1.14  1.16  1.18  1.20  1.22  1.24  1.25
  1.35  1.34  1.32  1.29  1.25  1.22  1.18  1.16  1.14  1.12  1.10  1.09  1.08  1.07  1.06  1.06  1.05  1.05  1.04  1.04  1.04  1.04  1.03  1.03  1.03  1.03  1.03  1.03  1.03  1.03  1.03  1.03  1.03  1.03  1.03  1.03  1.03  1.03  1.03  1.03  1.03  1.03  1.03  1.04  1.04  1.04  1.04  1.05  1.05  1.06  1.06  1.07  1.08  1.09  1.10  1.12  1.14  1.16  1.18  1.22  1.25  1.29  1.32  1.34
  1.58  1.56  1.49  1.41  1.34  1.27  1.22  1.18  1.15  1.13  1.11  1.09  1.08  1.07  1.06  1.06  1.05  1.05  1.04  1.04  1.04  1.04  1.03  1.03  1.03  1.03  1.03  1.03  1.03  1.03  1.03  1.03  1.03  1.03  1.03  1.03  1.03  1.03  1.03  1.03  1.03  1.03  1.03  1.04  1.04  1.04  1.04  1.05  1.05  1.06  1.06  1.07  1.08  1.09  1.11  1.13  1.15  1.18  1.22  1.27  1.34  1.41  1.49  1.56
  1.00  2.64  2.11  1.74  1.52  1.37  1.28  1.22  1.17  1.14  1.12  1.10  1.09  1.07  1.07  1.06  1.05  1.05  1.04  1.04  1.04  1.03  1.03  1.03  1.03  1.03  1.03  1.03  1.03  1.02  1.02  1.02  1.02  1.02  1.02  1.02  1.03  1.03  1.03  1.03  1.03  1.03  1.03  1.03  1.04  1.04  1.04  1.05  1.05  1.06  1.07  1.07  1.09  1.10  1.12  1.14  1.17  1.22  1.28  1.37  1.52  1.74  2.11  2.64
  2.03  2.10  2.30  2.60  2.18  1.60  1.38  1.27  1.20  1.16  1.13  1.11  1.09  1.08  1.07  1.06  1.05  1.05  1.04  1.04  1.04  1.03  1.03  1.03  1.03  1.03  1.03  1.03  1.02  1.02  1.02  1.02  1.02  1.02  1.02  1.02  1.02  1.03  1.03  1.03  1.03  1.03  1.03  1.03  1.04  1.04  1.04  1.05  1.05  1.06  1.07  1.08  1.09  1.11  1.13  1.16  1.20  1.27  1.38  1.60  2.18  2.60  2.30  2.10
  0.60  0.82  1.27  1.77  2.30  2.70  1.60  1.35  1.24  1.18  1.14  1.11  1.09  1.08  1.07  1.06  1.05  1.05  1.04  1.04  1.04  1.03  1.03  1.03  1.03  1.03  1.03  1.02  1.02  1.02  1.02  1.02  1.02  1.02  1.02  1.02  1.02  1.02  1.03  1.03  1.03  1.03  1.03  1.03  1.04  1.04  1.04  1.05  1.05  1.06  1.07  1.08  1.09  1.11  1.14  1.18  1.24  1.35  1.60  2.70  2.30  1.77  1.27  0.82
  1.00  1.00  1.00  1.00  1.34  2.15  2.58  1.52  1.30  1.21  1.15  1.12  1.10  1.08  1.07  1.06  1.05  1.05  1.04  1.04  1.03  1.03  1.03  1.03  1.03  1.03  1.02  1.02  1.02  1.02  1.02  1.02  1.02  1.02  1.02  1.02  1.02  1.02  1.02  1.03  1.03  1.03  1.03  1.03  1.03  1.04  1.04  1.05  1.05  1.06  1.07  1.08  1.10  1.12  1.15  1.21  1.30  1.52  2.58  2.15  1.34  1.00  1.00  1.00
  1.00  1.00  1.00  1.00  1.00  1.13  2.21  2.01  1.40  1.24  1.17  1.13  1.10  1.08  1.07  1.06  1.05  1.05  1.04  1.04  1.03  1.03  1.03  1.03  1.03  1.02  1.02  1.02  1.02  1.02  1.02  1.02  1.02  1.02  1.02  1.02  1.02  1.02  1.02  1.02  1.03  1.03  1.03  1.03  1.03  1.04  1.04  1.05  1.05  1.06  1.07  1.08  1.10  1.13  1.17  1.24  1.40  2.00  2.21  1.13  1.00  1.00  1.00  1.00
  1.00  1.00  1.00  1.00  1.00  1.00  1.30  2.46  1.61  1.30  1.19  1.14  1.11  1.09  1.07  1.06  1.05  1.05  1.04  1.04  1.03  1.03  1.03  1.03  1.03  1.02  1.02  1.02  1.02  1.02  1.02  1.02  1.02  1.02  1.02  1.02  1.02  1.02  1.02  1.02  1.03  1.03  1.03  1.03  1.03  1.04  1.04  1.05  1.05  1.06  1.07  1.09  1.11  1.14  1.19  1.30  1.61  2.46  1.30  1.00  1.00  1.00  1.00  1.00
  1.00  1.00  1.00  1.00  1.00  1.00  1.00  1.75  2.35  1.39  1.22  1.15  1.11  1.09  1.07  1.06  1.05  1.05  1.04  1.04  1.03  1.03  1.03  1.03  1.02  1.02  1.02  1.02  1.02  1.02  1.02  1.02  1.02  1.02  1.02  1.02  1.02  1.02  1.02  1.02  1.02  1.03  1.03  1.03  1.03  1.04  1.04  1.05  1.05  1.06  1.07  1.09  1.11  1.15  1.22  1.39  2.35  1.75  1.00  1.00  1.00  1.00  1.00  1.00
  1.00  1.00  1.00  1.00  1.00  1.00  1.00  1.00  2.33  1.55  1.26  1.17  1.12  1.09  1.07  1.06  1.05  1.05  1.04  1.04  1.03  1.03  1.03  1.03  1.02  1.02  1.02  1.02  1.02  1.02  1.02  1.02  1.02  1.02  1.02  1.02  1.02  1.02  1.02  1.02  1.02  1.03  1.03  1.03  1.03  1.04  1.04  1.05  1.05  1.06  1.07  1.09  1.12  1.17  1.26  1.55  2.33  1.00  1.00  1.00  1.00  1.00  1.00  1.00
  1.00  1.00  1.00  1.00  1.00  1.00  1.00  1.00  1.62  2.01  1.32  1.18  1.13  1.10  1.08  1.06  1.05  1.05  1.04  1.04  1.03  1.03  1.03  1.02  1.02  1.02  1.02  1.02  1.02  1.02  1.02  1.02  1.02  1.02  1.02  1.02  1.02  1.02  1.02  1.02  1.02  1.02  1.03  1.03  1.03  1.04  1.04  1.05  1.05  1.06  1.08  1.10  1.13  1.18  1.32  2.01  1.62  1.00  1.00  1.00  1.00  1.00  1.00  1.00
  1.00  1.00  1.00  1.00  1.00  1.00  1.00  1.00  1.00  2.50  1.41  1.21  1.14  1.10  1.08  1.06  1.05  1.04  1.04  1.03  1.03  1.03  1.03  1.02  1.02  1.02  1.02  1.02  1.02  1.02  1.02  1.02  1.02  1.02  1.02  1.02  1.02  1.02  1.02  1.02  1.02  1.02  1.03  1.03  1.03  1.03  1.04  1.04  1.05  1.06  1.08  1.10  1.14  1.21  1.41  2.50  1.00  1.00  1.00  1.00  1.00  1.00  1.00  1.00
  1.00  1.00  1.00  1.00  1.00  1.00  1.00  1.00  1.00  1.92  1.58  1.24  1.15  1.10  1.08  1.06  1.05  1.04  1.04  1.03  1.03  1.03  1.03  1.02  1.02  1.02  1.02  1.02  1.02  1.02  1.02  1.02  1.02  1.02  1.02  1.02  1.02  1.02  1.02  1.02  1.02  1.02  1.03  1.03  1.03  1.03  1.04  1.04  1.05  1.06  1.08  1.10  1.15  1.24  1.58  1.92  1.00  1.00  1.00  1.00  1.00  1.00  1.00  1.00
  1.00  1.00  1.00  1.00  1.00  1.00  1.00  1.00  1.00  1.06  2.02  1.28  1.16  1.11  1.08  1.06  1.05  1.04  1.04  1.03  1.03  1.03  1.02  1.02  1.02  1.02  1.02  1.02  1.02  1.02  1.02  1.02  1.02  1.02  1.02  1.02  1.02  1.02  1.02  1.02  1.02  1.02  1.02  1.03  1.03  1.03  1.04  1.04  1.05  1.06  1.08  1.11  1.16  1.28  2.02  1.06  1.00  1.00  1.00  1.00  1.00  1.00  1.00  1.00
  1.00  1.00  1.00  1.00  1.00  1.00  1.00  1.00  1.00  1.00  2.50  1.33  1.17  1.11  1.08  1.06  1.05  1.04  1.04  1.03  1.03  1.03  1.02  1.02  1.02  1.02  1.02  1.02  1.02  1.02  1.02  1.02  1.02  1.02  1.02  1.02  1.02  1.02  1.02  1.02  1.02  1.02  1.02  1.03  1.03  1.03  1.04  1.04  1.05  1.06  1.08  1.11  1.17  1.33  2.50  1.00  1.00  1.00  1.00  1.00  1.00  1.00  1.00  1.00
  1.00  1.00  1.00  1.00  1.00  1.00  1.00  1.00  1.00  1.00  1.98  1.43  1.19  1.12  1.08  1.06  1.05  1.04  1.04  1.03  1.03  1.03  1.02  1.02  1.02  1.02  1.02  1.02  1.02  1.02  1.02  1.02  1.02  1.02  1.02  1.02  1.02  1.02  1.02  1.02  1.02  1.02  1.02  1.03  1.03  1.03  1.04  1.04  1.05  1.06  1.08  1.12  1.19  1.43  1.98  1.00  1.00  1.00  1.00  1.00  1.00  1.00  1.00  1.00
  1.00  1.00  1.00  1.00  1.00  1.00  1.00  1.00  1.00  1.00  1.27  1.59  1.21  1.12  1.09  1.07  1.05  1.04  1.04  1.03  1.03  1.03  1.02  1.02  1.02  1.02  1.02  1.02  1.02  1.02  1.01  1.01  1.01  1.01  1.01  1.02  1.02  1.02  1.02  1.02  1.02  1.02  1.02  1.03  1.03  1.03  1.04  1.04  1.05  1.07  1.09  1.12  1.21  1.59  1.27  1.00  1.00  1.00  1.00  1.00  1.00  1.00  1.00  1.00
  1.00  1.00  1.00  1.00  1.00  1.00  1.00  1.00  1.00  1.00  1.00  2.00  1.23  1.13  1.09  1.07  1.05  1.04  1.04  1.03  1.03  1.02  1.02  1.02  1.02  1.02  1.02  1.02  1.02  1.01  1.01  1.01  1.01  1.01  1.01  1.01  1.02  1.02  1.02  1.02  1.02  1.02  1.02  1.02  1.03  1.03  1.04  1.04  1.05  1.07  1.09  1.13  1.23  2.00  1.00  1.00  1.00  1.00  1.00  1.00  1.00  1.00  1.00  1.00
  1.00  1.00  1.00  1.00  1.00  1.00  1.00  1.00  1.00  1.00  1.00  2.49  1.27  1.14  1.09  1.07  1.05  1.04  1.04  1.03  1.03  1.02  1.02  1.02  1.02  1.02  1.02  1.02  1.01  1.01  1.01  1.01  1.01  1.01  1.01  1.01  1.01  1.02  1.02  1.02  1.02  1.02  1.02  1.02  1.03  1.03  1.04  1.04  1.05  1.07  1.09  1.14  1.27  2.49  1.00  1.00  1.00  1.00  1.00  1.00  1.00  1.00  1.00  1.00
  1.00  1.00  1.00  1.00  1.00  1.00  1.00  1.00  1.00  1.00  1.00  2.04  1.32  1.15  1.09  1.07  1.05  1.04  1.04  1.03  1.03  1.02  1.02  1.02  1.02  1.02  1.02  1.01  1.01  1.01  1.01  1.01  1.01  1.01  1.01  1.01  1.01  1.01  1.02  1.02  1.02  1.02  1.02  1.02  1.03  1.03  1.04  1.04  1.05  1.07  1.09  1.15  1.32  2.04  1.00  1.00  1.00  1.00  1.00  1.00  1.00  1.00  1.00  1.00
  1.00  1.00  1.00  1.00  1.00  1.00  1.00  1.00  1.00  1.00  1.00  1.45  1.39  1.16  1.10  1.07  1.05  1.04  1.03  1.03  1.03  1.02  1.02  1.02  1.02  1.02  1.02  1.01  1.01  1.01  1.01  1.01  1.01  1.01  1.01  1.01  1.01  1.01  1.02  1.02  1.02  1.02  1.02  1.02  1.03  1.03  1.03  1.04  1.05  1.07  1.10  1.16  1.39  1.45  1.00  1.00  1.00  1.00  1.00  1.00  1.00  1.00  1.00  1.00
  1.00  1.00  1.00  1.00  1.00  1.00  1.00  1.00  1.00  1.00  1.00  1.00  1.51  1.17  1.10  1.07  1.05  1.04  1.03  1.03  1.03  1.02  1.02  1.02  1.02  1.02  1.01  1.01  1.01  1.01  1.01  1.01  1.01  1.01  1.01  1.01  1.01  1.01  1.01  1.02  1.02  1.02  1.02  1.02  1.03  1.03  1.03  1.04  1.05  1.07  1.10  1.17  1.51  1.00  1.00  1.00  1.00  1.00  1.00  1.00  1.00  1.00  1.00  1.00
  1.00  1.00  1.00  1.00  1.00  1.00  1.00  1.00  1.00  1.00  1.00  1.00  1.73  1.18  1.10  1.07  1.05  1.04  1.03  1.03  1.02  1.02  1.02  1.02  1.02  1.02  1.01  1.01  1.01  1.01  1.01  1.01  1.01  1.01  1.01  1.01  1.01  1.01  1.01  1.02  1.02  1.02  1.02  1.02  1.02  1.03  1.03  1.04  1.05  1.07  1.10  1.18  1.73  1.00  1.00  1.00  1.00  1.00  1.00  1.00  1.00  1.00  1.00  1.00
  1.00  1.00  1.00  1.00  1.00  1.00  1.00  1.00  1.00  1.00  1.00  1.00  2.45  1.20  1.11  1.07  1.05  1.04  1.03  1.03  1.02  1.02  1.02  1.02  1.02  1.01  1.01  1.01  1.01  1.01  1.01  1.01  1.01  1.01  1.01  1.01  1.01  1.01  1.01  1.01  1.02  1.02  1.02  1.02  1.02  1.03  1.03  1.04  1.05  1.07  1.11  1.20  2.45  1.00  1.00  1.00  1.00  1.00  1.00  1.00  1.00  1.00  1.00  1.00
  1.00  1.00  1.00  1.00  1.00  1.00  1.00  1.00  1.00  1.00  1.00  1.00  2.26  1.22  1.11  1.07  1.05  1.04  1.03  1.03  1.02  1.02  1.02  1.02  1.02  1.01  1.01  1.01  1.01  1.01  1.01  1.01  1.01  1.01  1.01  1.01  1.01  1.01  1.01  1.01  1.02  1.02  1.02  1.02  1.02  1.03  1.03  1.04  1.05  1.07  1.11  1.22  2.26  1.00  1.00  1.00  1.00  1.00  1.00  1.00  1.00  1.00  1.00  1.00
  1.00  1.00  1.00  1.00  1.00  1.00  1.00  1.00  1.00  1.00  1.00  1.00  1.82  1.25  1.11  1.07  1.05  1.04  1.03  1.03  1.02  1.02  1.02  1.02  1.01  1.01  1.01  1.01  1.01  1.01  1.01  1.01  1.01  1.01  1.01  1.01  1.01  1.01  1.01  1.01  1.01  1.02  1.02  1.02  1.02  1.03  1.03  1.04  1.05  1.07  1.11  1.25  1.82  1.00  1.00  1.00  1.00  1.00  1.00  1.00  1.00  1.00  1.00  1.00
