   1.00   0.10  -2.42
   0.98   0.20  -2.48
   0.96   0.29  -2.53
   0.92   0.38  -2.59
   0.88   0.47  -2.65
   0.83   0.56  -2.70
   0.77   0.63  -2.75
   0.71   0.71  -2.80
   0.63   0.77  -2.84
   0.56   0.83  -2.88
   0.47   0.88  -2.92
   0.38   0.92  -2.95
   0.29   0.96  -2.98
   0.20   0.98  -3.00
   0.10   1.00  -3.02
   0.00   1.00  -3.03
  -0.10   1.00  -3.04
  -0.20   0.98  -3.04
  -0.29   0.96  -3.04
  -0.38   0.92  -3.04
  -0.47   0.88  -3.03
  -0.56   0.83  -3.01
  -0.63   0.77  -2.99
  -0.71   0.71  -2.97
  -0.77   0.63  -2.94
  -0.83   0.56  -2.91
  -0.88   0.47  -2.88
  -0.92   0.38  -2.84
  -0.96   0.29  -2.80
  -0.98   0.20  -2.76
  -1.00   0.10  -2.71
  -1.00   0.00  -2.66
  -1.00  -0.10  -2.61
  -0.98  -0.20  -2.56
  -0.96  -0.29  -2.51
  -0.92  -0.38  -2.45
  -0.88  -0.47  -2.40
  -0.83  -0.56  -2.35
  -0.77  -0.63  -2.30
  -0.71  -0.71  -2.25
  -0.63  -0.77  -2.20
  -0.56  -0.83  -2.15
  -0.47  -0.88  -2.11
  -0.38  -0.92  -2.07
  -0.29  -0.96  -2.04
  -0.20  -0.98  -2.01
  -0.10  -1.00  -1.98
   0.00  -1.00  -1.96
   0.10  -1.00  -1.95
   0.20  -0.98  -1.94
   0.29  -0.96  -1.93
   0.38  -0.92  -1.94
   0.47  -0.88  -1.94
   0.56  -0.83  -1.96
   0.63  -0.77  -1.98
   0.71  -0.71  -2.00
   0.77  -0.63  -2.03
   0.83  -0.56  -2.07
   0.88  -0.47  -2.11
   0.92  -0.38  -2.15
   0.96  -0.29  -2.20
   0.98  -0.20  -2.25
   1.00  -0.10  -2.31
   1.00   0.00  -2.36
   1.99   0.20  -2.22
   1.96   0.39  -2.40
   1.91   0.58  -2.58
   1.85   0.77  -2.75
   1.76   0.94  -2.92
   1.66   1.11  -3.07
   1.55   1.27  -3.21
   1.41   1.41  -3.34
   1.27   1.55  -3.46
   1.11   1.66  -3.56
   0.94   1.76  -3.65
   0.77   1.85  -3.72
   0.58   1.91  -3.78
   0.39   1.96  -3.82
   0.20   1.99  -3.85
   0.00   2.00  -3.87
  -0.20   1.99  -3.87
  -0.39   1.96  -3.87
  -0.58   1.91  -3.86
  -0.77   1.85  -3.84
  -0.94   1.76  -3.81
  -1.11   1.66  -3.78
  -1.27   1.55  -3.73
  -1.41   1.41  -3.68
  -1.55   1.27  -3.62
  -1.66   1.11  -3.56
  -1.76   0.94  -3.49
  -1.85   0.77  -3.40
  -1.91   0.58  -3.31
  -1.96   0.39  -3.21
  -1.99   0.20  -3.10
  -2.00   0.00  -2.98
  -1.99  -0.20  -2.86
  -1.96  -0.39  -2.72
  -1.91  -0.58  -2.58
  -1.85  -0.77  -2.44
  -1.76  -0.94  -2.29
  -1.66  -1.11  -2.13
  -1.55  -1.27  -1.98
  -1.41  -1.41  -1.83
  -1.27  -1.55  -1.68
  -1.11  -1.66  -1.53
  -0.94  -1.76  -1.39
  -0.77  -1.85  -1.26
  -0.58  -1.91  -1.15
  -0.39  -1.96  -1.04
  -0.20  -1.99  -0.94
   0.00  -2.00  -0.86
   0.20  -1.99  -0.80
   0.39  -1.96  -0.75
   0.58  -1.91  -0.72
   0.77  -1.85  -0.70
   0.94  -1.76  -0.71
   1.11  -1.66  -0.74
   1.27  -1.55  -0.80
   1.41  -1.41  -0.87
   1.55  -1.27  -0.96
   1.66  -1.11  -1.08
   1.76  -0.94  -1.21
   1.85  -0.77  -1.35
   1.91  -0.58  -1.51
   1.96  -0.39  -1.68
   1.99  -0.20  -1.85
   2.00   0.00  -2.03
   2.99   0.29  -1.92
   2.94   0.59  -2.23
   2.87   0.87  -2.53
   2.77   1.15  -2.80
   2.65   1.41  -3.06
   2.49   1.67  -3.29
   2.32   1.90  -3.49
   2.12   2.12  -3.67
   1.90   2.32  -3.81
   1.67   2.49  -3.94
   1.41   2.65  -4.03
   1.15   2.77  -4.10
   0.87   2.87  -4.14
   0.59   2.94  -4.17
   0.29   2.99  -4.18
   0.00   3.00  -4.18
  -0.29   2.99  -4.18
  -0.59   2.94  -4.16
  -0.87   2.87  -4.14
  -1.15   2.77  -4.12
  -1.41   2.65  -4.09
  -1.67   2.49  -4.06
  -1.90   2.32  -4.03
  -2.12   2.12  -4.00
  -2.32   1.90  -3.97
  -2.49   1.67  -3.92
  -2.65   1.41  -3.86
  -2.77   1.15  -3.78
  -2.87   0.87  -3.69
  -2.94   0.59  -3.59
  -2.99   0.29  -3.47
  -3.00   0.00  -3.33
  -2.99  -0.29  -3.18
  -2.94  -0.59  -3.02
  -2.87  -0.87  -2.83
  -2.77  -1.15  -2.61
  -2.65  -1.41  -2.39
  -2.49  -1.67  -2.14
  -2.32  -1.90  -1.89
  -2.12  -2.12  -1.63
  -1.90  -2.32  -1.37
  -1.67  -2.49  -1.12
  -1.41  -2.65  -0.88
  -1.15  -2.77  -0.65
  -0.87  -2.87  -0.44
  -0.59  -2.94  -0.24
  -0.29  -2.99  -0.06
   0.00  -3.00   0.10
   0.29  -2.99   0.23
   0.59  -2.94   0.35
   0.87  -2.87   0.43
   1.15  -2.77   0.48
   1.41  -2.65   0.50
   1.67  -2.49   0.47
   1.90  -2.32   0.41
   2.12  -2.12   0.31
   2.32  -1.90   0.18
   2.49  -1.67   0.00
   2.65  -1.41  -0.21
   2.77  -1.15  -0.46
   2.87  -0.87  -0.72
   2.94  -0.59  -1.00
   2.99  -0.29  -1.30
   3.00   0.00  -1.61
   3.98   0.39  -1.54
   3.92   0.78  -1.94
   3.83   1.16  -2.33
   3.70   1.53  -2.69
   3.53   1.89  -3.01
   3.33   2.22  -3.28
   3.09   2.54  -3.49
   2.83   2.83  -3.66
   2.54   3.09  -3.78
   2.22   3.33  -3.87
   1.89   3.53  -3.91
   1.53   3.70  -3.91
   1.16   3.83  -3.89
   0.78   3.92  -3.86
   0.39   3.98  -3.83
   0.00   4.00  -3.80
  -0.39   3.98  -3.78
  -0.78   3.92  -3.77
  -1.16   3.83  -3.76
  -1.53   3.70  -3.76
  -1.89   3.53  -3.77
  -2.22   3.33  -3.80
  -2.54   3.09  -3.83
  -2.83   2.83  -3.86
  -3.09   2.54  -3.89
  -3.33   2.22  -3.93
  -3.53   1.89  -3.96
  -3.70   1.53  -3.98
  -3.83   1.16  -3.97
  -3.92   0.78  -3.94
  -3.98   0.39  -3.89
  -4.00   0.00  -3.79
  -3.98  -0.39  -3.67
  -3.92  -0.78  -3.51
  -3.83  -1.16  -3.30
  -3.70  -1.53  -3.07
  -3.53  -1.89  -2.80
  -3.33  -2.22  -2.49
  -3.09  -2.54  -2.17
  -2.83  -2.83  -1.82
  -2.54  -3.09  -1.48
  -2.22  -3.33  -1.14
  -1.89  -3.53  -0.81
  -1.53  -3.70  -0.50
  -1.16  -3.83  -0.20
  -0.78  -3.92   0.08
  -0.39  -3.98   0.35
   0.00  -4.00   0.60
   0.39  -3.98   0.83
   0.78  -3.92   1.04
   1.16  -3.83   1.21
   1.53  -3.70   1.34
   1.89  -3.53   1.43
   2.22  -3.33   1.46
   2.54  -3.09   1.43
   2.83  -2.83   1.35
   3.09  -2.54   1.21
   3.33  -2.22   1.01
   3.53  -1.89   0.75
   3.70  -1.53   0.44
   3.83  -1.16   0.08
   3.92  -0.78  -0.30
   3.98  -0.39  -0.70
   4.00   0.00  -1.12
   4.98   0.49  -1.04
   4.90   0.98  -1.52
   4.78   1.45  -1.96
   4.62   1.91  -2.34
   4.41   2.36  -2.66
   4.16   2.78  -2.91
   3.87   3.17  -3.10
   3.54   3.54  -3.20
   3.17   3.87  -3.24
   2.78   4.16  -3.22
   2.36   4.41  -3.16
   1.91   4.62  -3.07
   1.45   4.78  -2.96
   0.98   4.90  -2.85
   0.49   4.98  -2.76
   0.00   5.00  -2.69
  -0.49   4.98  -2.66
  -0.98   4.90  -2.66
  -1.45   4.78  -2.69
  -1.91   4.62  -2.73
  -2.36   4.41  -2.82
  -2.78   4.16  -2.93
  -3.17   3.87  -3.07
  -3.54   3.54  -3.24
  -3.87   3.17  -3.43
  -4.16   2.78  -3.61
  -4.41   2.36  -3.81
  -4.62   1.91  -4.01
  -4.78   1.45  -4.16
  -4.90   0.98  -4.28
  -4.98   0.49  -4.34
  -5.00   0.00  -4.35
  -4.98  -0.49  -4.31
  -4.90  -0.98  -4.20
  -4.78  -1.45  -4.04
  -4.62  -1.91  -3.82
  -4.41  -2.36  -3.53
  -4.16  -2.78  -3.20
  -3.87  -3.17  -2.83
  -3.54  -3.54  -2.44
  -3.17  -3.87  -2.03
  -2.78  -4.16  -1.64
  -2.36  -4.41  -1.26
  -1.91  -4.62  -0.89
  -1.45  -4.78  -0.53
  -0.98  -4.90  -0.18
  -0.49  -4.98   0.17
   0.00  -5.00   0.51
   0.49  -4.98   0.86
   0.98  -4.90   1.18
   1.45  -4.78   1.47
   1.91  -4.62   1.71
   2.36  -4.41   1.90
   2.78  -4.16   2.03
   3.17  -3.87   2.10
   3.54  -3.54   2.10
   3.87  -3.17   2.01
   4.16  -2.78   1.85
   4.41  -2.36   1.59
   4.62  -1.91   1.27
   4.78  -1.45   0.87
   4.90  -0.98   0.42
   4.98  -0.49  -0.06
   5.00   0.00  -0.54
   5.97   0.59  -0.39
   5.88   1.17  -0.88
   5.74   1.74  -1.31
   5.54   2.30  -1.66
   5.29   2.83  -1.94
   4.99   3.33  -2.12
   4.64   3.81  -2.20
   4.24   4.24  -2.18
   3.81   4.64  -2.10
   3.33   4.99  -1.95
   2.83   5.29  -1.76
   2.30   5.54  -1.53
   1.74   5.74  -1.32
   1.17   5.88  -1.12
   0.59   5.97  -0.96
   0.00   6.00  -0.87
  -0.59   5.97  -0.84
  -1.17   5.88  -0.87
  -1.74   5.74  -0.95
  -2.30   5.54  -1.07
  -2.83   5.29  -1.26
  -3.33   4.99  -1.52
  -3.81   4.64  -1.84
  -4.24   4.24  -2.20
  -4.64   3.81  -2.57
  -4.99   3.33  -2.99
  -5.29   2.83  -3.42
  -5.54   2.30  -3.85
  -5.74   1.74  -4.24
  -5.88   1.17  -4.57
  -5.97   0.59  -4.84
  -6.00   0.00  -5.02
  -5.97  -0.59  -5.13
  -5.88  -1.17  -5.15
  -5.74  -1.74  -5.06
  -5.54  -2.30  -4.88
  -5.29  -2.83  -4.61
  -4.99  -3.33  -4.28
  -4.64  -3.81  -3.91
  -4.24  -4.24  -3.48
  -3.81  -4.64  -3.05
  -3.33  -4.99  -2.61
  -2.83  -5.29  -2.20
  -2.30  -5.54  -1.79
  -1.74  -5.74  -1.40
  -1.17  -5.88  -1.01
  -0.59  -5.97  -0.61
   0.00  -6.00  -0.20
   0.59  -5.97   0.22
   1.17  -5.88   0.66
   1.74  -5.74   1.10
   2.30  -5.54   1.50
   2.83  -5.29   1.85
   3.33  -4.99   2.14
   3.81  -4.64   2.35
   4.24  -4.24   2.48
   4.64  -3.81   2.53
   4.99  -3.33   2.45
   5.29  -2.83   2.27
   5.54  -2.30   1.97
   5.74  -1.74   1.58
   5.88  -1.17   1.12
   5.97  -0.59   0.64
   6.00   0.00   0.12
   6.97   0.69   0.37
   6.87   1.37  -0.05
   6.70   2.03  -0.38
   6.47   2.68  -0.65
   6.17   3.30  -0.82
   5.82   3.89  -0.85
   5.41   4.44  -0.77
   4.95   4.95  -0.60
   4.44   5.41  -0.36
   3.89   5.82  -0.06
   3.30   6.17   0.27
   2.68   6.47   0.62
   2.03   6.70   0.94
   1.37   6.87   1.21
   0.69   6.97   1.39
   0.00   7.00   1.48
  -0.69   6.97   1.51
  -1.37   6.87   1.44
  -2.03   6.70   1.28
  -2.68   6.47   1.03
  -3.30   6.17   0.71
  -3.89   5.82   0.31
  -4.44   5.41  -0.19
  -4.95   4.95  -0.79
  -5.41   4.44  -1.40
  -5.82   3.89  -2.08
  -6.17   3.30  -2.79
  -6.47   2.68  -3.51
  -6.70   2.03  -4.20
  -6.87   1.37  -4.82
  -6.97   0.69  -5.37
  -7.00   0.00  -5.80
  -6.97  -0.69  -6.10
  -6.87  -1.37  -6.29
  -6.70  -2.03  -6.35
  -6.47  -2.68  -6.24
  -6.17  -3.30  -6.00
  -5.82  -3.89  -5.68
  -5.41  -4.44  -5.28
  -4.95  -4.95  -4.86
  -4.44  -5.41  -4.41
  -3.89  -5.82  -3.99
  -3.30  -6.17  -3.58
  -2.68  -6.47  -3.17
  -2.03  -6.70  -2.77
  -1.37  -6.87  -2.37
  -0.69  -6.97  -1.94
   0.00  -7.00  -1.49
   0.69  -6.97  -1.00
   1.37  -6.87  -0.45
   2.03  -6.70   0.11
   2.68  -6.47   0.67
   3.30  -6.17   1.20
   3.89  -5.82   1.69
   4.44  -5.41   2.12
   4.95  -4.95   2.46
   5.41  -4.44   2.69
   5.82  -3.89   2.78
   6.17  -3.30   2.71
   6.47  -2.68   2.51
   6.70  -2.03   2.20
   6.87  -1.37   1.80
   6.97  -0.69   1.33
   7.00   0.00   0.85
   7.96   0.78   1.24
   7.85   1.56   0.96
   7.66   2.32   0.75
   7.39   3.06   0.63
   7.06   3.77   0.66
   6.65   4.44   0.79
   6.18   5.08   1.08
   5.66   5.66   1.43
   5.08   6.18   1.83
   4.44   6.65   2.28
   3.77   7.06   2.76
   3.06   7.39   3.23
   2.32   7.66   3.62
   1.56   7.85   3.93
   0.78   7.96   4.09
   0.00   8.00   4.13
  -0.78   7.96   4.11
  -1.56   7.85   3.95
  -2.32   7.66   3.70
  -3.06   7.39   3.35
  -3.77   7.06   2.88
  -4.44   6.65   2.30
  -5.08   6.18   1.60
  -5.66   5.66   0.80
  -6.18   5.08  -0.10
  -6.65   4.44  -1.06
  -7.06   3.77  -2.07
  -7.39   3.06  -3.12
  -7.66   2.32  -4.13
  -7.85   1.56  -5.07
  -7.96   0.78  -5.91
  -8.00   0.00  -6.61
  -7.96  -0.78  -7.17
  -7.85  -1.56  -7.56
  -7.66  -2.32  -7.75
  -7.39  -3.06  -7.74
  -7.06  -3.77  -7.54
  -6.65  -4.44  -7.23
  -6.18  -5.08  -6.83
  -5.66  -5.66  -6.43
  -5.08  -6.18  -6.03
  -4.44  -6.65  -5.63
  -3.77  -7.06  -5.24
  -3.06  -7.39  -4.85
  -2.32  -7.66  -4.45
  -1.56  -7.85  -4.05
  -0.78  -7.96  -3.63
   0.00  -8.00  -3.18
   0.78  -7.96  -2.66
   1.56  -7.85  -2.08
   2.32  -7.66  -1.40
   3.06  -7.39  -0.65
   3.77  -7.06   0.08
   4.44  -6.65   0.81
   5.08  -6.18   1.46
   5.66  -5.66   2.03
   6.18  -5.08   2.48
   6.65  -4.44   2.79
   7.06  -3.77   2.92
   7.39  -3.06   2.86
   7.66  -2.32   2.65
   7.85  -1.56   2.35
   7.96  -0.78   1.98
   8.00   0.00   1.60
   8.96   0.88   2.20
   8.83   1.76   2.07
   8.61   2.61   2.05
   8.31   3.44   2.18
   7.94   4.24   2.43
   7.48   5.00   2.79
   6.96   5.71   3.25
   6.36   6.36   3.76
   5.71   6.96   4.35
   5.00   7.48   4.92
   4.24   7.94   5.46
   3.44   8.31   5.98
   2.61   8.61   6.41
   1.76   8.83   6.71
   0.88   8.96   6.82
   0.00   9.00   6.74
  -0.88   8.96   6.58
  -1.76   8.83   6.34
  -2.61   8.61   5.99
  -3.44   8.31   5.57
  -4.24   7.94   4.99
  -5.00   7.48   4.26
  -5.71   6.96   3.37
  -6.36   6.36   2.32
  -6.96   5.71   1.17
  -7.48   5.00  -0.09
  -7.94   4.24  -1.38
  -8.31   3.44  -2.70
  -8.61   2.61  -4.02
  -8.83   1.76  -5.31
  -8.96   0.88  -6.45
  -9.00   0.00  -7.42
  -8.96  -0.88  -8.20
  -8.83  -1.76  -8.77
  -8.61  -2.61  -9.06
  -8.31  -3.44  -9.13
  -7.94  -4.24  -9.02
  -7.48  -5.00  -8.73
  -6.96  -5.71  -8.35
  -6.36  -6.36  -7.97
  -5.71  -6.96  -7.59
  -5.00  -7.48  -7.23
  -4.24  -7.94  -6.85
  -3.44  -8.31  -6.47
  -2.61  -8.61  -6.10
  -1.76  -8.83  -5.74
  -0.88  -8.96  -5.34
   0.00  -9.00  -4.90
   0.88  -8.96  -4.43
   1.76  -8.83  -3.86
   2.61  -8.61  -3.13
   3.44  -8.31  -2.27
   4.24  -7.94  -1.39
   5.00  -7.48  -0.51
   5.71  -6.96   0.38
   6.36  -6.36   1.18
   6.96  -5.71   1.91
   7.48  -5.00   2.45
   7.94  -4.24   2.79
   8.31  -3.44   2.91
   8.61  -2.61   2.88
   8.83  -1.76   2.77
   8.96  -0.88   2.57
   9.00   0.00   2.38
   9.95   0.98   3.13
   9.81   1.95   3.24
   9.57   2.90   3.50
   9.24   3.83   3.87
   8.82   4.71   4.36
   8.31   5.56   4.94
   7.73   6.34   5.60
   7.07   7.07   6.25
   6.34   7.73   6.92
   5.56   8.31   7.50
   4.71   8.82   8.05
   3.83   9.24   8.56
   2.90   9.57   8.94
   1.95   9.81   9.11
   0.98   9.95   9.11
   0.00  10.00   8.98
  -0.98   9.95   8.75
  -1.95   9.81   8.41
  -2.90   9.57   7.98
  -3.83   9.24   7.43
  -4.71   8.82   6.73
  -5.56   8.31   5.87
  -6.34   7.73   4.82
  -7.07   7.07   3.64
  -7.73   6.34   2.29
  -8.31   5.56   0.82
  -8.82   4.71  -0.71
  -9.24   3.83  -2.33
  -9.57   2.90  -3.95
  -9.81   1.95  -5.55
  -9.95   0.98  -7.01
 -10.00   0.00  -8.24
  -9.95  -0.98  -9.18
  -9.81  -1.95  -9.79
  -9.57  -2.90 -10.07
  -9.24  -3.83 -10.19
  -8.82  -4.71 -10.19
  -8.31  -5.56 -10.02
  -7.73  -6.34  -9.71
  -7.07  -7.07  -9.33
  -6.34  -7.73  -8.98
  -5.56  -8.31  -8.66
  -4.71  -8.82  -8.30
  -3.83  -9.24  -7.91
  -2.90  -9.57  -7.55
  -1.95  -9.81  -7.13
  -0.98  -9.95  -6.73
   0.00 -10.00  -6.32
   0.98  -9.95  -5.85
   1.95  -9.81  -5.31
   2.90  -9.57  -4.64
   3.83  -9.24  -3.88
   4.71  -8.82  -3.03
   5.56  -8.31  -2.01
   6.34  -7.73  -0.98
   7.07  -7.07   0.05
   7.73  -6.34   0.98
   8.31  -5.56   1.74
   8.82  -4.71   2.30
   9.24  -3.83   2.67
   9.57  -2.90   2.86
   9.81  -1.95   2.96
   9.95  -0.98   3.05
  10.00   0.00   3.08
  10.95   1.08   4.08
  10.79   2.15   4.48
  10.53   3.19   5.00
  10.16   4.21   5.62
   9.70   5.19   6.32
   9.15   6.11   7.12
   8.50   6.98   7.90
   7.78   7.78   8.62
   6.98   8.50   9.33
   6.11   9.15   9.87
   5.19   9.70  10.26
   4.21  10.16  10.55
   3.19  10.53  10.59
   2.15  10.79  10.54
   1.08  10.95  10.43
   0.00  11.00  10.30
  -1.08  10.95  10.07
  -2.15  10.79   9.72
  -3.19  10.53   9.22
  -4.21  10.16   8.60
  -5.19   9.70   7.82
  -6.11   9.15   6.85
  -6.98   8.50   5.76
  -7.78   7.78   4.53
  -8.50   6.98   3.10
  -9.15   6.11   1.53
  -9.70   5.19  -0.18
 -10.16   4.21  -2.01
 -10.53   3.19  -3.90
 -10.79   2.15  -5.74
 -10.95   1.08  -7.43
 -11.00   0.00  -8.83
 -10.95  -1.08  -9.83
 -10.79  -2.15 -10.39
 -10.53  -3.19 -10.69
 -10.16  -4.21 -10.87
  -9.70  -5.19 -10.95
  -9.15  -6.11 -10.91
  -8.50  -6.98 -10.70
  -7.78  -7.78 -10.39
  -6.98  -8.50 -10.03
  -6.11  -9.15  -9.66
  -5.19  -9.70  -9.30
  -4.21 -10.16  -8.88
  -3.19 -10.53  -8.45
  -2.15 -10.79  -8.00
  -1.08 -10.95  -7.59
   0.00 -11.00  -7.19
   1.08 -10.95  -6.76
   2.15 -10.79  -6.29
   3.19 -10.53  -5.73
   4.21 -10.16  -5.12
   5.19  -9.70  -4.40
   6.11  -9.15  -3.46
   6.98  -8.50  -2.35
   7.78  -7.78  -1.22
   8.50  -6.98  -0.16
   9.15  -6.11   0.81
   9.70  -5.19   1.58
  10.16  -4.21   2.17
  10.53  -3.19   2.59
  10.79  -2.15   2.99
  10.95  -1.08   3.37
  11.00   0.00   3.70
  11.94   1.18   4.92
  11.77   2.34   5.66
  11.48   3.48   6.45
  11.09   4.59   7.30
  10.58   5.66   8.19
   9.98   6.67   9.14
   9.28   7.61  10.03
   8.49   8.49  10.79
   7.61   9.28  11.36
   6.67   9.98  11.65
   5.66  10.58  11.75
   4.59  11.09  11.62
   3.48  11.48  11.35
   2.34  11.77  11.09
   1.18  11.94  10.85
   0.00  12.00  10.61
  -1.18  11.94  10.31
  -2.34  11.77   9.94
  -3.48  11.48   9.41
  -4.59  11.09   8.78
  -5.66  10.58   7.99
  -6.67   9.98   7.06
  -7.61   9.28   5.96
  -8.49   8.49   4.68
  -9.28   7.61   3.30
  -9.98   6.67   1.77
 -10.58   5.66   0.06
 -11.09   4.59  -1.84
 -11.48   3.48  -3.89
 -11.77   2.34  -5.82
 -11.94   1.18  -7.65
 -12.00   0.00  -9.12
 -11.94  -1.18 -10.10
 -11.77  -2.34 -10.67
 -11.48  -3.48 -11.02
 -11.09  -4.59 -11.22
 -10.58  -5.66 -11.32
  -9.98  -6.67 -11.33
  -9.28  -7.61 -11.19
  -8.49  -8.49 -10.90
  -7.61  -9.28 -10.54
  -6.67  -9.98 -10.15
  -5.66 -10.58  -9.72
  -4.59 -11.09  -9.29
  -3.48 -11.48  -8.82
  -2.34 -11.77  -8.40
  -1.18 -11.94  -8.01
   0.00 -12.00  -7.64
   1.18 -11.94  -7.25
   2.34 -11.77  -6.82
   3.48 -11.48  -6.32
   4.59 -11.09  -5.77
   5.66 -10.58  -5.13
   6.67  -9.98  -4.35
   7.61  -9.28  -3.43
   8.49  -8.49  -2.39
   9.28  -7.61  -1.28
   9.98  -6.67  -0.19
  10.58  -5.66   0.73
  11.09  -4.59   1.53
  11.48  -3.48   2.19
  11.77  -2.34   2.86
  11.94  -1.18   3.54
  12.00   0.00   4.22
  12.94   1.27   5.67
  12.75   2.54   6.70
  12.44   3.77   7.74
  12.01   4.97   8.81
  11.46   6.13   9.85
  10.81   7.22  10.87
  10.05   8.25  11.76
   9.19   9.19  12.42
   8.25  10.05  12.75
   7.22  10.81  12.69
   6.13  11.46  12.36
   4.97  12.01  11.90
   3.77  12.44  11.48
   2.54  12.75  11.09
   1.27  12.94  10.74
   0.00  13.00  10.39
  -1.27  12.94   9.98
  -2.54  12.75   9.52
  -3.77  12.44   9.00
  -4.97  12.01   8.35
  -6.13  11.46   7.58
  -7.22  10.81   6.64
  -8.25  10.05   5.55
  -9.19   9.19   4.29
 -10.05   8.25   3.00
 -10.81   7.22   1.59
 -11.46   6.13  -0.03
 -12.01   4.97  -1.88
 -12.44   3.77  -3.91
 -12.75   2.54  -5.86
 -12.94   1.27  -7.65
 -13.00   0.00  -9.04
 -12.94  -1.27 -10.01
 -12.75  -2.54 -10.65
 -12.44  -3.77 -11.05
 -12.01  -4.97 -11.28
 -11.46  -6.13 -11.36
 -10.81  -7.22 -11.32
 -10.05  -8.25 -11.15
  -9.19  -9.19 -10.84
  -8.25 -10.05 -10.48
  -7.22 -10.81 -10.11
  -6.13 -11.46  -9.71
  -4.97 -12.01  -9.31
  -3.77 -12.44  -8.90
  -2.54 -12.75  -8.52
  -1.27 -12.94  -8.16
   0.00 -13.00  -7.83
   1.27 -12.94  -7.47
   2.54 -12.75  -7.05
   3.77 -12.44  -6.59
   4.97 -12.01  -6.03
   6.13 -11.47  -5.35
   7.22 -10.81  -4.64
   8.25 -10.05  -3.90
   9.19  -9.19  -3.07
  10.05  -8.25  -2.14
  10.81  -7.22  -1.12
  11.46  -6.13  -0.12
  12.01  -4.97   0.89
  12.44  -3.77   1.80
  12.75  -2.54   2.73
  12.94  -1.27   3.69
  13.00   0.00   4.68
  13.93   1.37   6.31
  13.73   2.73   7.56
  13.40   4.06   8.72
  12.93   5.36   9.88
  12.35   6.60  10.98
  11.64   7.78  12.00
  10.82   8.88  12.80
   9.90   9.90  13.24
   8.88  10.82  13.22
   7.78  11.64  12.87
   6.60  12.35  12.31
   5.36  12.93  11.77
   4.06  13.40  11.27
   2.73  13.73  10.81
   1.37  13.93  10.37
   0.00  14.00   9.93
  -1.37  13.93   9.46
  -2.73  13.73   8.98
  -4.06  13.40   8.44
  -5.36  12.93   7.82
  -6.60  12.35   7.08
  -7.78  11.64   6.16
  -8.88  10.82   5.09
  -9.90   9.90   3.86
 -10.82   8.88   2.58
 -11.64   7.78   1.22
 -12.35   6.60  -0.34
 -12.93   5.36  -2.07
 -13.40   4.06  -3.97
 -13.73   2.73  -5.81
 -13.93   1.37  -7.44
 -14.00   0.00  -8.72
 -13.93  -1.37  -9.71
 -13.73  -2.73 -10.42
 -13.40  -4.06 -10.87
 -12.93  -5.36 -11.13
 -12.35  -6.60 -11.21
 -11.64  -7.78 -11.13
 -10.82  -8.88 -10.90
  -9.90  -9.90 -10.57
  -8.88 -10.82 -10.22
  -7.78 -11.64  -9.90
  -6.60 -12.35  -9.54
  -5.36 -12.93  -9.19
  -4.06 -13.40  -8.82
  -2.73 -13.73  -8.48
  -1.37 -13.93  -8.14
   0.00 -14.00  -7.82
   1.37 -13.93  -7.47
   2.73 -13.73  -7.08
   4.06 -13.40  -6.62
   5.36 -12.93  -6.05
   6.60 -12.35  -5.34
   7.78 -11.64  -4.59
   8.88 -10.82  -3.90
   9.90  -9.90  -3.21
  10.82  -8.88  -2.44
  11.64  -7.78  -1.60
  12.35  -6.60  -0.68
  12.93  -5.36   0.37
  13.40  -4.06   1.44
  13.73  -2.73   2.61
  13.93  -1.37   3.82
  14.00   0.00   5.09
  14.93   1.47   6.73
  14.71   2.93   8.02
  14.35   4.35   9.22
  13.86   5.74  10.32
  13.23   7.07  11.38
  12.47   8.33  12.30
  11.60   9.52  12.95
  10.61  10.61  13.20
   9.52  11.60  12.99
   8.33  12.47  12.54
   7.07  13.23  11.97
   5.74  13.86  11.41
   4.35  14.35  10.88
   2.93  14.71  10.38
   1.47  14.93   9.89
   0.00  15.00   9.42
  -1.47  14.93   8.93
  -2.93  14.71   8.46
  -4.35  14.35   7.95
  -5.74  13.86   7.38
  -7.07  13.23   6.69
  -8.33  12.47   5.83
  -9.52  11.60   4.81
 -10.61  10.61   3.63
 -11.60   9.52   2.31
 -12.47   8.33   0.90
 -13.23   7.07  -0.59
 -13.86   5.74  -2.21
 -14.35   4.35  -3.93
 -14.71   2.93  -5.64
 -14.93   1.47  -7.09
 -15.00   0.00  -8.27
 -14.93  -1.47  -9.26
 -14.71  -2.93 -10.00
 -14.35  -4.35 -10.49
 -13.86  -5.74 -10.80
 -13.23  -7.07 -10.90
 -12.47  -8.33 -10.82
 -11.60  -9.52 -10.61
 -10.61 -10.61 -10.30
  -9.52 -11.60  -9.97
  -8.33 -12.47  -9.65
  -7.07 -13.23  -9.32
  -5.74 -13.86  -8.99
  -4.35 -14.35  -8.66
  -2.93 -14.71  -8.32
  -1.47 -14.93  -7.99
   0.00 -15.00  -7.65
   1.47 -14.93  -7.30
   2.93 -14.71  -6.93
   4.35 -14.35  -6.49
   5.74 -13.86  -5.91
   7.07 -13.23  -5.20
   8.33 -12.47  -4.42
   9.52 -11.60  -3.67
  10.61 -10.61  -2.99
  11.60  -9.52  -2.30
  12.47  -8.33  -1.56
  13.23  -7.07  -0.71
  13.86  -5.74   0.28
  14.35  -4.35   1.40
  14.71  -2.93   2.63
  14.93  -1.47   4.03
  15.00   0.00   5.42
  15.92   1.57   6.92
  15.69   3.12   8.18
  15.31   4.64   9.34
  14.78   6.12  10.39
  14.11   7.54  11.36
  13.30   8.89  12.14
  12.37  10.15  12.61
  11.31  11.31  12.75
  10.15  12.37  12.49
   8.89  13.30  12.05
   7.54  14.11  11.51
   6.12  14.78  10.96
   4.64  15.31  10.42
   3.12  15.69   9.90
   1.57  15.92   9.39
   0.00  16.00   8.93
  -1.57  15.92   8.46
  -3.12  15.69   8.00
  -4.64  15.31   7.54
  -6.12  14.78   7.01
  -7.54  14.11   6.39
  -8.89  13.30   5.63
 -10.15  12.37   4.72
 -11.31  11.31   3.60
 -12.37  10.15   2.30
 -13.30   8.89   0.84
 -14.11   7.54  -0.68
 -14.78   6.12  -2.21
 -15.31   4.64  -3.76
 -15.69   3.12  -5.30
 -15.92   1.57  -6.59
 -16.00   0.00  -7.71
 -15.92  -1.57  -8.66
 -15.69  -3.12  -9.41
 -15.31  -4.64  -9.94
 -14.78  -6.12 -10.30
 -14.11  -7.54 -10.45
 -13.30  -8.89 -10.44
 -12.37 -10.15 -10.27
 -11.31 -11.31 -10.02
 -10.15 -12.37  -9.71
  -8.89 -13.30  -9.40
  -7.54 -14.11  -9.08
  -6.12 -14.78  -8.77
  -4.64 -15.31  -8.44
  -3.12 -15.69  -8.10
  -1.57 -15.92  -7.75
   0.00 -16.00  -7.39
   1.57 -15.92  -7.03
   3.12 -15.69  -6.66
   4.64 -15.31  -6.24
   6.12 -14.78  -5.69
   7.54 -14.11  -4.99
   8.89 -13.30  -4.18
  10.15 -12.37  -3.36
  11.31 -11.31  -2.62
  12.37 -10.15  -1.90
  13.30  -8.89  -1.16
  14.11  -7.54  -0.33
  14.78  -6.12   0.61
  15.31  -4.64   1.69
  15.69  -3.12   2.90
  15.92  -1.57   4.25
  16.00   0.00   5.61
  16.92   1.67   6.98
  16.67   3.32   8.17
  16.27   4.93   9.27
  15.71   6.51  10.25
  14.99   8.01  11.10
  14.13   9.44  11.76
  13.14  10.78  12.12
  12.02  12.02  12.21
  10.78  13.14  11.93
   9.44  14.13  11.50
   8.01  14.99  11.00
   6.51  15.71  10.47
   4.93  16.27   9.94
   3.32  16.67   9.44
   1.67  16.92   8.94
   0.00  17.00   8.48
  -1.67  16.92   8.03
  -3.32  16.67   7.59
  -4.93  16.27   7.15
  -6.51  15.71   6.67
  -8.01  14.99   6.12
  -9.44  14.13   5.45
 -10.78  13.14   4.65
 -12.02  12.02   3.67
 -13.14  10.78   2.45
 -14.13   9.44   1.00
 -14.99   8.01  -0.53
 -15.71   6.51  -2.00
 -16.27   4.93  -3.41
 -16.67   3.32  -4.76
 -16.92   1.67  -5.94
 -17.00   0.00  -6.99
 -16.92  -1.67  -7.91
 -16.67  -3.32  -8.67
 -16.27  -4.93  -9.23
 -15.71  -6.51  -9.66
 -14.99  -8.01  -9.91
 -14.14  -9.44  -9.99
 -13.14 -10.78  -9.90
 -12.02 -12.02  -9.72
 -10.78 -13.14  -9.45
  -9.44 -14.13  -9.15
  -8.01 -14.99  -8.84
  -6.51 -15.71  -8.52
  -4.93 -16.27  -8.19
  -3.32 -16.67  -7.84
  -1.67 -16.92  -7.47
   0.00 -17.00  -7.08
   1.67 -16.92  -6.70
   3.32 -16.67  -6.32
   4.93 -16.27  -5.90
   6.51 -15.71  -5.39
   8.01 -14.99  -4.72
   9.44 -14.14  -3.92
  10.78 -13.14  -3.05
  12.02 -12.02  -2.21
  13.14 -10.78  -1.39
  14.13  -9.44  -0.62
  14.99  -8.01   0.21
  15.71  -6.51   1.13
  16.27  -4.93   2.15
  16.67  -3.32   3.25
  16.92  -1.67   4.49
  17.00   0.00   5.75
  17.91   1.76   6.99
  17.65   3.51   8.10
  17.22   5.23   9.10
  16.63   6.89   9.98
  15.87   8.49  10.70
  14.97  10.00  11.24
  13.91  11.42  11.53
  12.73  12.73  11.60
  11.42  13.91  11.34
  10.00  14.97  10.94
   8.49  15.87  10.46
   6.89  16.63   9.98
   5.23  17.22   9.48
   3.51  17.65   8.99
   1.76  17.91   8.52
   0.00  18.00   8.07
  -1.76  17.91   7.64
  -3.51  17.65   7.21
  -5.23  17.22   6.78
  -6.89  16.63   6.33
  -8.49  15.87   5.82
 -10.00  14.97   5.24
 -11.42  13.91   4.55
 -12.73  12.73   3.72
 -13.91  11.42   2.62
 -14.97  10.00   1.26
 -15.87   8.49  -0.23
 -16.63   6.89  -1.63
 -17.22   5.23  -2.89
 -17.65   3.51  -4.06
 -17.91   1.76  -5.13
 -18.00   0.00  -6.08
 -17.91  -1.76  -6.98
 -17.65  -3.51  -7.76
 -17.22  -5.23  -8.39
 -16.63  -6.89  -8.92
 -15.87  -8.49  -9.29
 -14.97 -10.00  -9.48
 -13.91 -11.42  -9.51
 -12.73 -12.73  -9.39
 -11.42 -13.91  -9.17
 -10.00 -14.97  -8.89
  -8.49 -15.87  -8.59
  -6.89 -16.63  -8.27
  -5.23 -17.22  -7.92
  -3.51 -17.65  -7.56
  -1.76 -17.91  -7.16
   0.00 -18.00  -6.75
   1.76 -17.91  -6.35
   3.51 -17.65  -5.95
   5.23 -17.22  -5.53
   6.89 -16.63  -5.04
   8.49 -15.87  -4.40
  10.00 -14.97  -3.64
  11.42 -13.91  -2.77
  12.73 -12.73  -1.85
  13.91 -11.42  -0.89
  14.97 -10.00  -0.05
  15.87  -8.49   0.77
  16.63  -6.89   1.65
  17.22  -5.23   2.60
  17.65  -3.51   3.61
  17.91  -1.76   4.71
  18.00   0.00   5.86
  18.91   1.86   6.95
  18.63   3.71   7.93
  18.18   5.52   8.81
  17.55   7.27   9.56
  16.76   8.96  10.16
  15.80  10.56  10.59
  14.69  12.05  10.84
  13.44  13.44  10.98
  12.05  14.69  10.73
  10.56  15.80  10.36
   8.96  16.76   9.93
   7.27  17.55   9.49
   5.52  18.18   9.03
   3.71  18.63   8.58
   1.86  18.91   8.13
   0.00  19.00   7.70
  -1.86  18.91   7.28
  -3.71  18.63   6.85
  -5.52  18.18   6.41
  -7.27  17.55   5.97
  -8.96  16.76   5.49
 -10.56  15.80   4.96
 -12.05  14.69   4.36
 -13.44  13.44   3.66
 -14.69  12.05   2.74
 -15.80  10.56   1.54
 -16.76   8.96   0.13
 -17.55   7.27  -1.16
 -18.18   5.52  -2.27
 -18.63   3.71  -3.23
 -18.91   1.86  -4.12
 -19.00   0.00  -4.94
 -18.91  -1.86  -5.78
 -18.63  -3.71  -6.59
 -18.18  -5.52  -7.36
 -17.55  -7.27  -8.04
 -16.76  -8.96  -8.57
 -15.80 -10.56  -8.91
 -14.69 -12.05  -9.06
 -13.44 -13.43  -9.04
 -12.05 -14.69  -8.88
 -10.56 -15.80  -8.63
  -8.96 -16.76  -8.33
  -7.27 -17.55  -8.00
  -5.52 -18.18  -7.64
  -3.71 -18.63  -7.26
  -1.86 -18.91  -6.84
   0.00 -19.00  -6.43
   1.86 -18.91  -6.00
   3.71 -18.63  -5.57
   5.52 -18.18  -5.14
   7.27 -17.55  -4.66
   8.96 -16.76  -4.07
  10.56 -15.80  -3.36
  12.05 -14.69  -2.52
  13.43 -13.44  -1.57
  14.69 -12.05  -0.45
  15.80 -10.56   0.43
  16.76  -8.96   1.25
  17.55  -7.27   2.09
  18.18  -5.52   2.97
  18.63  -3.71   3.90
  18.91  -1.86   4.89
  19.00   0.00   5.93
  19.90   1.96   6.80
  19.62   3.90   7.69
  19.14   5.81   8.48
  18.48   7.65   9.12
  17.64   9.43   9.61
  16.63  11.11   9.96
  15.46  12.69  10.18
  14.14  14.14  10.33
  12.69  15.46  10.13
  11.11  16.63   9.81
   9.43  17.64   9.42
   7.65  18.48   9.02
   5.81  19.14   8.60
   3.90  19.62   8.19
   1.96  19.90   7.78
   0.00  20.00   7.36
  -1.96  19.90   6.94
  -3.90  19.62   6.50
  -5.81  19.14   6.04
  -7.65  18.48   5.59
  -9.43  17.64   5.11
 -11.11  16.63   4.60
 -12.69  15.46   4.06
 -14.14  14.14   3.48
 -15.46  12.69   2.73
 -16.63  11.11   1.72
 -17.64   9.43   0.47
 -18.48   7.65  -0.70
 -19.14   5.81  -1.62
 -19.62   3.90  -2.32
 -19.90   1.96  -2.88
 -20.00   0.00  -3.47
 -19.90  -1.96  -4.18
 -19.62  -3.90  -5.12
 -19.14  -5.81  -6.10
 -18.48  -7.65  -7.02
 -17.64  -9.43  -7.76
 -16.63 -11.11  -8.28
 -15.46 -12.69  -8.56
 -14.14 -14.14  -8.64
 -12.69 -15.46  -8.55
 -11.11 -16.63  -8.34
  -9.43 -17.64  -8.05
  -7.65 -18.48  -7.72
  -5.81 -19.14  -7.35
  -3.90 -19.62  -6.95
  -1.96 -19.90  -6.52
   0.00 -20.00  -6.09
   1.96 -19.90  -5.65
   3.90 -19.62  -5.20
   5.81 -19.14  -4.76
   7.65 -18.48  -4.30
   9.43 -17.64  -3.74
  11.11 -16.63  -3.08
  12.69 -15.46  -2.29
  14.14 -14.14  -1.36
  15.46 -12.69  -0.25
  16.63 -11.11   0.62
  17.64  -9.43   1.42
  18.48  -7.65   2.22
  19.14  -5.81   3.06
  19.62  -3.90   3.95
  19.90  -1.96   4.88
  20.00   0.00   5.85
  20.90   2.06   6.50
  20.60   4.10   7.33
  20.10   6.10   8.04
  19.40   8.04   8.60
  18.52   9.90   9.02
  17.46  11.67   9.33
  16.23  13.32   9.54
  14.85  14.85   9.70
  13.32  16.23   9.54
  11.67  17.46   9.27
   9.90  18.52   8.93
   8.04  19.40   8.56
   6.10  20.10   8.18
   4.10  20.60   7.81
   2.06  20.90   7.43
   0.00  21.00   7.03
  -2.06  20.90   6.61
  -4.10  20.60   6.16
  -6.10  20.10   5.68
  -8.04  19.40   5.19
  -9.90  18.52   4.72
 -11.67  17.46   4.20
 -13.32  16.23   3.67
 -14.85  14.85   3.15
 -16.23  13.32   2.54
 -17.46  11.67   1.73
 -18.52   9.90   0.71
 -19.40   8.04  -0.32
 -20.10   6.10  -1.03
 -20.60   4.10  -1.45
 -20.90   2.06  -1.64
 -21.00   0.00  -1.77
 -20.90  -2.06  -2.24
 -20.60  -4.10  -3.16
 -20.10  -6.10  -4.48
 -19.40  -8.04  -5.79
 -18.52  -9.90  -6.83
 -17.46 -11.67  -7.56
 -16.23 -13.32  -7.99
 -14.85 -14.85  -8.18
 -13.32 -16.23  -8.17
 -11.67 -17.46  -8.02
  -9.90 -18.52  -7.74
  -8.04 -19.40  -7.41
  -6.10 -20.10  -7.04
  -4.10 -20.60  -6.63
  -2.06 -20.90  -6.19
   0.00 -21.00  -5.75
   2.06 -20.90  -5.31
   4.10 -20.60  -4.86
   6.10 -20.10  -4.41
   8.04 -19.40  -3.95
   9.90 -18.52  -3.42
  11.67 -17.46  -2.81
  13.32 -16.23  -2.08
  14.85 -14.85  -1.22
  16.23 -13.32  -0.18
  17.46 -11.67   0.64
  18.52  -9.90   1.39
  19.40  -8.04   2.15
  20.10  -6.10   2.95
  20.60  -4.10   3.80
  20.90  -2.06   4.69
  21.00   0.00   5.61
  21.89   2.16   6.07
  21.58   4.29   6.84
  21.05   6.39   7.49
  20.33   8.42   8.01
  19.40  10.37   8.40
  18.29  12.22   8.69
  17.01  13.96   8.91
  15.56  15.56   9.08
  13.96  17.01   8.97
  12.22  18.29   8.73
  10.37  19.40   8.44
   8.42  20.33   8.10
   6.39  21.05   7.76
   4.29  21.58   7.41
   2.16  21.89   7.05
   0.00  22.00   6.68
  -2.16  21.89   6.27
  -4.29  21.58   5.80
  -6.39  21.05   5.33
  -8.42  20.33   4.81
 -10.37  19.40   4.31
 -12.22  18.29   3.77
 -13.96  17.01   3.22
 -15.56  15.56   2.72
 -17.01  13.96   2.21
 -18.29  12.22   1.60
 -19.40  10.37   0.82
 -20.33   8.42  -0.05
 -21.05   6.39  -0.63
 -21.58   4.29  -0.82
 -21.89   2.16  -0.69
 -22.00   0.00  -0.40
 -21.89  -2.16  -0.47
 -21.58  -4.29  -1.06
 -21.05  -6.39  -2.49
 -20.33  -8.42  -4.24
 -19.40 -10.37  -5.70
 -18.29 -12.22  -6.72
 -17.01 -13.96  -7.34
 -15.56 -15.56  -7.66
 -13.96 -17.01  -7.76
 -12.22 -18.29  -7.66
 -10.37 -19.40  -7.41
  -8.42 -20.33  -7.08
  -6.39 -21.05  -6.71
  -4.29 -21.58  -6.30
  -2.16 -21.89  -5.85
   0.00 -22.00  -5.40
   2.16 -21.89  -4.97
   4.29 -21.58  -4.53
   6.39 -21.05  -4.10
   8.42 -20.33  -3.64
  10.37 -19.40  -3.13
  12.22 -18.29  -2.56
  13.96 -17.01  -1.89
  15.56 -15.56  -1.12
  17.01 -13.96  -0.19
  18.29 -12.22   0.55
  19.40 -10.37   1.25
  20.33  -8.42   1.95
  21.05  -6.39   2.70
  21.58  -4.29   3.51
  21.89  -2.16   4.36
  22.00   0.00   5.23
  22.89   2.25   5.55
  22.56   4.49   6.27
  22.01   6.68   6.88
  21.25   8.80   7.37
  20.28  10.84   7.76
  19.12  12.78   8.07
  17.78  14.59   8.31
  16.26  16.26   8.47
  14.59  17.78   8.40
  12.78  19.12   8.20
  10.84  20.28   7.93
   8.80  21.25   7.62
   6.68  22.01   7.30
   4.49  22.56   6.97
   2.25  22.89   6.65
   0.00  23.00   6.31
  -2.25  22.89   5.91
  -4.49  22.56   5.45
  -6.68  22.01   4.97
  -8.80  21.25   4.43
 -10.84  20.28   3.89
 -12.78  19.12   3.31
 -14.59  17.78   2.73
 -16.26  16.26   2.24
 -17.78  14.59   1.80
 -19.12  12.78   1.35
 -20.28  10.84   0.76
 -21.25   8.80   0.05
 -22.01   6.68  -0.36
 -22.56   4.49  -0.48
 -22.89   2.25  -0.13
 -23.00   0.00   0.37
 -22.89  -2.25   0.62
 -22.56  -4.49   0.56
 -22.01  -6.68  -0.52
 -21.25  -8.80  -2.43
 -20.28 -10.84  -4.33
 -19.12 -12.78  -5.71
 -17.78 -14.59  -6.58
 -16.26 -16.26  -7.07
 -14.59 -17.78  -7.29
 -12.78 -19.12  -7.26
 -10.84 -20.28  -7.03
  -8.80 -21.25  -6.73
  -6.68 -22.01  -6.36
  -4.49 -22.56  -5.95
  -2.25 -22.89  -5.50
   0.00 -23.00  -5.05
   2.25 -22.89  -4.61
   4.49 -22.56  -4.21
   6.68 -22.01  -3.82
   8.80 -21.25  -3.38
  10.84 -20.28  -2.89
  12.78 -19.12  -2.35
  14.59 -17.78  -1.74
  16.26 -16.26  -1.06
  17.78 -14.59  -0.27
  19.12 -12.78   0.40
  20.28 -10.84   1.02
  21.25  -8.80   1.67
  22.01  -6.68   2.38
  22.56  -4.49   3.13
  22.89  -2.25   3.94
  23.00   0.00   4.76
  23.88   2.35   4.98
  23.54   4.68   5.65
  22.97   6.97   6.24
  22.17   9.18   6.73
  21.17  11.31   7.14
  19.96  13.33   7.47
  18.55  15.23   7.73
  16.97  16.97   7.88
  15.23  18.55   7.83
  13.33  19.96   7.65
  11.31  21.17   7.40
   9.18  22.17   7.11
   6.97  22.97   6.81
   4.68  23.54   6.50
   2.35  23.88   6.20
   0.00  24.00   5.89
  -2.35  23.88   5.53
  -4.68  23.54   5.08
  -6.97  22.97   4.62
  -9.18  22.17   4.08
 -11.31  21.17   3.49
 -13.33  19.96   2.87
 -15.23  18.55   2.24
 -16.97  16.97   1.75
 -18.55  15.23   1.36
 -19.96  13.33   0.98
 -21.17  11.31   0.59
 -22.17   9.18   0.05
 -22.97   6.97  -0.22
 -23.54   4.68  -0.29
 -23.88   2.35   0.13
 -24.00   0.00   0.68
 -23.88  -2.35   1.14
 -23.54  -4.68   1.41
 -22.97  -6.97   0.77
 -22.17  -9.18  -0.85
 -21.17 -11.31  -2.83
 -19.96 -13.33  -4.50
 -18.55 -15.23  -5.69
 -16.97 -16.97  -6.39
 -15.23 -18.55  -6.77
 -13.33 -19.96  -6.81
 -11.31 -21.17  -6.64
  -9.18 -22.17  -6.37
  -6.97 -22.97  -6.01
  -4.68 -23.54  -5.62
  -2.35 -23.88  -5.17
   0.00 -24.00  -4.72
   2.35 -23.88  -4.27
   4.68 -23.54  -3.88
   6.97 -22.97  -3.54
   9.18 -22.17  -3.14
  11.31 -21.17  -2.68
  13.33 -19.96  -2.18
  15.23 -18.55  -1.62
  16.97 -16.97  -1.04
  18.55 -15.23  -0.39
  19.96 -13.33   0.19
  21.17 -11.31   0.76
  22.17  -9.18   1.35
  22.97  -6.97   2.00
  23.54  -4.68   2.71
  23.88  -2.35   3.46
  24.00   0.00   4.24
  24.88   2.45   4.38
  24.52   4.88   5.03
  23.92   7.26   5.60
  23.10   9.57   6.10
  22.05  11.78   6.53
  20.79  13.89   6.89
  19.33  15.86   7.17
  17.68  17.68   7.30
  15.86  19.33   7.26
  13.89  20.79   7.09
  11.78  22.05   6.86
   9.57  23.10   6.58
   7.26  23.92   6.27
   4.88  24.52   5.98
   2.45  24.88   5.71
   0.00  25.00   5.43
  -2.45  24.88   5.12
  -4.88  24.52   4.71
  -7.26  23.92   4.28
  -9.57  23.10   3.74
 -11.78  22.05   3.13
 -13.89  20.79   2.48
 -15.86  19.33   1.83
 -17.68  17.68   1.28
 -19.33  15.86   0.95
 -20.79  13.89   0.64
 -22.05  11.78   0.35
 -23.10   9.57   0.00
 -23.92   7.26  -0.17
 -24.52   4.88  -0.18
 -24.88   2.45   0.23
 -25.00   0.00   0.70
 -24.88  -2.45   1.28
 -24.52  -4.88   1.68
 -23.92  -7.26   1.34
 -23.10  -9.57   0.16
 -22.05 -11.78  -1.49
 -20.79 -13.89  -3.20
 -19.33 -15.86  -4.61
 -17.68 -17.68  -5.54
 -15.86 -19.33  -6.14
 -13.89 -20.79  -6.32
 -11.78 -22.05  -6.21
  -9.57 -23.10  -5.98
  -7.26 -23.92  -5.65
  -4.88 -24.52  -5.29
  -2.45 -24.88  -4.87
   0.00 -25.00  -4.41
   2.45 -24.88  -3.96
   4.88 -24.52  -3.57
   7.26 -23.92  -3.26
   9.57 -23.10  -2.92
  11.78 -22.05  -2.50
  13.89 -20.79  -2.04
  15.86 -19.33  -1.54
  17.68 -17.68  -1.05
  19.33 -15.86  -0.53
  20.79 -13.89  -0.03
  22.05 -11.79   0.47
  23.10  -9.57   1.01
  23.92  -7.26   1.61
  24.52  -4.88   2.26
  24.88  -2.45   2.97
  25.00   0.00   3.68
  25.87   2.55   3.79
  25.50   5.07   4.42
  24.88   7.55   4.99
  24.02   9.95   5.50
  22.93  12.26   5.95
  21.62  14.44   6.33
  20.10  16.49   6.64
  18.38  18.38   6.74
  16.49  20.10   6.69
  14.44  21.62   6.52
  12.26  22.93   6.31
   9.95  24.02   5.99
   7.55  24.88   5.68
   5.07  25.50   5.39
   2.55  25.87   5.13
   0.00  26.00   4.90
  -2.55  25.87   4.66
  -5.07  25.50   4.32
  -7.55  24.88   3.91
  -9.95  24.02   3.40
 -12.26  22.93   2.79
 -14.44  21.62   2.17
 -16.49  20.10   1.55
 -18.38  18.38   1.05
 -20.10  16.49   0.69
 -21.62  14.44   0.41
 -22.93  12.26   0.25
 -24.02   9.95  -0.03
 -24.88   7.55  -0.17
 -25.50   5.07  -0.11
 -25.87   2.55   0.24
 -26.00   0.00   0.64
 -25.87  -2.55   1.19
 -25.50  -5.07   1.55
 -24.88  -7.55   1.40
 -24.02  -9.95   0.62
 -22.93 -12.26  -0.67
 -21.62 -14.44  -2.11
 -20.10 -16.49  -3.52
 -18.38 -18.38  -4.55
 -16.49 -20.10  -5.32
 -14.44 -21.62  -5.69
 -12.26 -22.93  -5.71
  -9.95 -24.02  -5.56
  -7.55 -24.88  -5.30
  -5.07 -25.50  -4.99
  -2.55 -25.87  -4.61
   0.00 -26.00  -4.15
   2.55 -25.87  -3.69
   5.07 -25.50  -3.30
   7.55 -24.88  -3.00
   9.95 -24.02  -2.70
  12.26 -22.93  -2.35
  14.44 -21.62  -1.94
  16.49 -20.10  -1.50
  18.38 -18.38  -1.08
  20.10 -16.49  -0.68
  21.62 -14.44  -0.27
  22.93 -12.26   0.17
  24.02  -9.95   0.65
  24.88  -7.55   1.20
  25.50  -5.07   1.80
  25.87  -2.55   2.45
  26.00   0.00   3.13
  26.87   2.65   3.22
  26.48   5.27   3.84
  25.84   7.84   4.41
  24.94  10.33   4.94
  23.81  12.73   5.40
  22.45  15.00   5.79
  20.87  17.13   6.13
  19.09  19.09   6.19
  17.13  20.87   6.10
  15.00  22.45   5.92
  12.73  23.81   5.70
  10.33  24.94   5.36
   7.84  25.84   5.00
   5.27  26.48   4.69
   2.65  26.87   4.41
   0.00  27.00   4.25
  -2.65  26.87   4.06
  -5.27  26.48   3.83
  -7.84  25.84   3.51
 -10.33  24.94   3.08
 -12.73  23.81   2.51
 -15.00  22.45   1.88
 -17.13  20.87   1.38
 -19.09  19.09   0.98
 -20.87  17.13   0.65
 -22.45  15.00   0.40
 -23.81  12.73   0.23
 -24.94  10.33   0.01
 -25.84   7.84  -0.05
 -26.48   5.27  -0.03
 -26.87   2.65   0.17
 -27.00   0.00   0.51
 -26.87  -2.65   0.93
 -26.48  -5.27   1.23
 -25.84  -7.84   1.23
 -24.94 -10.33   0.63
 -23.81 -12.73  -0.36
 -22.45 -15.00  -1.51
 -20.87 -17.13  -2.64
 -19.09 -19.09  -3.57
 -17.13 -20.87  -4.42
 -15.00 -22.45  -4.94
 -12.73 -23.81  -5.06
 -10.33 -24.94  -5.07
  -7.84 -25.84  -4.91
  -5.27 -26.48  -4.69
  -2.65 -26.87  -4.39
   0.00 -27.00  -3.93
   2.65 -26.87  -3.48
   5.27 -26.48  -3.07
   7.84 -25.84  -2.77
  10.33 -24.94  -2.50
  12.73 -23.81  -2.20
  15.00 -22.45  -1.87
  17.13 -20.87  -1.48
  19.09 -19.09  -1.12
  20.87 -17.13  -0.84
  22.45 -15.00  -0.50
  23.81 -12.73  -0.12
  24.94 -10.33   0.31
  25.84  -7.84   0.80
  26.48  -5.27   1.35
  26.87  -2.65   1.95
  27.00   0.00   2.58
  27.87   2.74   2.68
  27.46   5.46   3.29
  26.79   8.13   3.87
  25.87  10.72   4.40
  24.69  13.20   4.87
  23.28  15.56   5.27
  21.64  17.76   5.64
  19.80  19.80   5.64
  17.76  21.64   5.48
  15.56  23.28   5.31
  13.20  24.69   5.07
  10.72  25.87   4.73
   8.13  26.79   4.35
   5.46  27.46   4.03
   2.74  27.87   3.73
   0.00  28.00   3.60
  -2.74  27.87   3.46
  -5.46  27.46   3.27
  -8.13  26.79   3.05
 -10.72  25.87   2.74
 -13.20  24.69   2.26
 -15.56  23.28   1.71
 -17.76  21.64   1.26
 -19.80  19.80   1.00
 -21.64  17.76   0.72
 -23.28  15.56   0.50
 -24.69  13.20   0.34
 -25.87  10.72   0.16
 -26.79   8.13   0.07
 -27.46   5.46   0.05
 -27.87   2.74   0.14
 -28.00   0.00   0.32
 -27.87  -2.74   0.65
 -27.46  -5.46   0.85
 -26.79  -8.13   0.82
 -25.87 -10.72   0.38
 -24.69 -13.20  -0.37
 -23.28 -15.56  -1.27
 -21.64 -17.76  -2.16
 -19.80 -19.80  -2.93
 -17.76 -21.64  -3.62
 -15.56 -23.28  -4.12
 -13.20 -24.69  -4.35
 -10.72 -25.87  -4.51
  -8.13 -26.79  -4.44
  -5.46 -27.46  -4.38
  -2.74 -27.87  -4.17
   0.00 -28.00  -3.76
   2.74 -27.87  -3.30
   5.46 -27.46  -2.92
   8.13 -26.79  -2.58
  10.72 -25.87  -2.33
  13.20 -24.69  -2.08
  15.56 -23.28  -1.81
  17.76 -21.64  -1.49
  19.80 -19.80  -1.17
  21.64 -17.76  -0.99
  23.28 -15.56  -0.72
  24.69 -13.20  -0.38
  25.87 -10.72   0.00
  26.79  -8.13   0.43
  27.46  -5.46   0.92
  27.87  -2.74   1.47
  28.00   0.00   2.06
  28.86   2.84   2.17
  28.44   5.66   2.78
  27.75   8.42   3.36
  26.79  11.10   3.90
  25.58  13.67   4.36
  24.11  16.11   4.76
  22.42  18.40   5.14
  20.51  20.51   5.11
  18.40  22.42   4.99
  16.11  24.11   4.81
  13.67  25.58   4.57
  11.10  26.79   4.23
   8.42  27.75   3.87
   5.66  28.44   3.62
   2.84  28.86   3.31
   0.00  29.00   3.12
  -2.84  28.86   3.02
  -5.66  28.44   2.83
  -8.42  27.75   2.61
 -11.10  26.79   2.41
 -13.67  25.58   2.03
 -16.11  24.11   1.60
 -18.40  22.42   1.24
 -20.51  20.51   1.00
 -22.42  18.40   0.78
 -24.11  16.11   0.59
 -25.58  13.67   0.44
 -26.79  11.10   0.28
 -27.75   8.42   0.18
 -28.44   5.66   0.12
 -28.86   2.84   0.13
 -29.00   0.00   0.19
 -28.86  -2.84   0.32
 -28.44  -5.66   0.38
 -27.75  -8.42   0.31
 -26.79 -11.10   0.01
 -25.58 -13.67  -0.52
 -24.11 -16.11  -1.19
 -22.42 -18.40  -1.88
 -20.51 -20.51  -2.49
 -18.40 -22.42  -3.04
 -16.11 -24.11  -3.46
 -13.67 -25.58  -3.70
 -11.10 -26.79  -3.89
  -8.42 -27.75  -3.91
  -5.66 -28.44  -4.01
  -2.84 -28.86  -3.91
   0.00 -29.00  -3.62
   2.84 -28.86  -3.19
   5.66 -28.44  -2.85
   8.42 -27.75  -2.48
  11.10 -26.79  -2.24
  13.67 -25.58  -1.99
  16.11 -24.11  -1.79
  18.40 -22.42  -1.54
  20.51 -20.51  -1.26
  22.42 -18.40  -1.14
  24.11 -16.11  -0.92
  25.58 -13.67  -0.63
  26.79 -11.10  -0.29
  27.75  -8.42   0.08
  28.44  -5.66   0.50
  28.86  -2.84   1.01
  29.00   0.00   1.57
  29.86   2.94   1.63
  29.42   5.85   2.23
  28.71   8.71   2.83
  27.72  11.48   3.37
  26.46  14.14   3.86
  24.94  16.67   4.26
  23.19  19.03   4.65
  21.21  21.21   4.78
  19.03  23.19   4.77
  16.67  24.94   4.66
  14.14  26.46   4.46
  11.48  27.72   4.16
   8.71  28.71   3.82
   5.85  29.42   3.52
   2.94  29.86   3.20
   0.00  30.00   2.94
  -2.94  29.86   2.74
  -5.85  29.42   2.51
  -8.71  28.71   2.28
 -11.48  27.72   2.07
 -14.14  26.46   1.77
 -16.67  24.94   1.46
 -19.03  23.19   1.19
 -21.21  21.21   1.00
 -23.19  19.03   0.83
 -24.94  16.67   0.67
 -26.46  14.14   0.53
 -27.72  11.48   0.39
 -28.71   8.71   0.28
 -29.42   5.85   0.19
 -29.86   2.94   0.13
 -30.00   0.00   0.07
 -29.86  -2.94   0.03
 -29.42  -5.85  -0.06
 -28.71  -8.71  -0.14
 -27.72 -11.48  -0.31
 -26.46 -14.14  -0.65
 -24.94 -16.67  -1.12
 -23.19 -19.03  -1.62
 -21.21 -21.21  -2.08
 -19.03 -23.19  -2.51
 -16.67 -24.94  -2.85
 -14.14 -26.46  -3.08
 -11.48 -27.72  -3.28
  -8.71 -28.71  -3.39
  -5.85 -29.42  -3.57
  -2.94 -29.86  -3.63
   0.00 -30.00  -3.48
   2.94 -29.86  -3.17
   5.85 -29.42  -2.92
   8.71 -28.71  -2.65
  11.48 -27.72  -2.44
  14.14 -26.46  -2.23
  16.67 -24.94  -2.02
  19.03 -23.19  -1.79
  21.21 -21.21  -1.52
  23.19 -19.03  -1.37
  24.94 -16.67  -1.16
  26.46 -14.14  -0.91
  27.72 -11.48  -0.60
  28.71  -8.71  -0.30
  29.42  -5.85   0.08
  29.86  -2.94   0.54
  30.00   0.00   1.07
  30.85   3.04   0.56
  30.40   6.05   1.12
  29.67   9.00   1.68
  28.64  11.86   2.23
  27.34  14.61   2.78
  25.78  17.22   3.33
  23.96  19.67   3.84
  21.92  21.92   4.15
  19.67  23.96   4.30
  17.22  25.78   4.30
  14.61  27.34   4.18
  11.86  28.64   3.95
   9.00  29.67   3.66
   6.05  30.40   3.32
   3.04  30.85   2.97
   0.00  31.00   2.62
  -3.04  30.85   2.31
  -6.05  30.40   2.02
  -9.00  29.67   1.77
 -11.86  28.64   1.55
 -14.61  27.34   1.37
 -17.22  25.78   1.21
 -19.67  23.96   1.08
 -21.92  21.92   0.95
 -23.96  19.67   0.84
 -25.78  17.22   0.72
 -27.34  14.61   0.61
 -28.64  11.86   0.48
 -29.67   9.00   0.35
 -30.40   6.05   0.23
 -30.85   3.04   0.10
 -31.00   0.00  -0.03
 -30.85  -3.04  -0.16
 -30.40  -6.05  -0.30
 -29.67  -9.00  -0.44
 -28.64 -11.86  -0.60
 -27.34 -14.61  -0.76
 -25.78 -17.22  -0.95
 -23.96 -19.67  -1.16
 -21.92 -21.92  -1.38
 -19.67 -23.96  -1.60
 -17.22 -25.78  -1.81
 -14.61 -27.34  -2.01
 -11.86 -28.64  -2.19
  -9.00 -29.67  -2.35
  -6.05 -30.40  -2.48
  -3.04 -30.85  -2.59
   0.00 -31.00  -2.65
   3.04 -30.85  -2.65
   6.05 -30.40  -2.61
   9.00 -29.67  -2.55
  11.86 -28.64  -2.49
  14.61 -27.34  -2.41
  17.22 -25.78  -2.31
  19.67 -23.96  -2.17
  21.92 -21.92  -2.01
  23.96 -19.67  -1.85
  25.78 -17.22  -1.69
  27.34 -14.61  -1.52
  28.64 -11.86  -1.31
  29.67  -9.00  -1.04
  30.40  -6.05  -0.71
  30.85  -3.04  -0.35
  31.00   0.00   0.08
  31.85   3.14   0.57
  31.39   6.24   1.09
  30.62   9.29   1.62
  29.56  12.25   2.15
  28.22  15.08   2.67
  26.61  17.78   3.20
  24.74  20.30   3.70
  22.63  22.63   4.03
  20.30  24.74   4.20
  17.78  26.61   4.21
  15.08  28.22   4.10
  12.25  29.56   3.89
   9.29  30.62   3.60
   6.24  31.39   3.27
   3.14  31.85   2.93
   0.00  32.00   2.60
  -3.14  31.85   2.28
  -6.24  31.39   2.00
  -9.29  30.62   1.75
 -12.25  29.56   1.53
 -15.08  28.22   1.35
 -17.78  26.61   1.19
 -20.30  24.74   1.05
 -22.63  22.63   0.92
 -24.74  20.30   0.80
 -26.61  17.78   0.69
 -28.22  15.08   0.57
 -29.56  12.25   0.44
 -30.62   9.29   0.32
 -31.39   6.24   0.20
 -31.85   3.14   0.08
 -32.00   0.00  -0.04
 -31.85  -3.14  -0.17
 -31.39  -6.24  -0.30
 -30.62  -9.29  -0.44
 -29.56 -12.25  -0.58
 -28.22 -15.08  -0.74
 -26.61 -17.78  -0.91
 -24.74 -20.30  -1.10
 -22.63 -22.63  -1.30
 -20.30 -24.74  -1.50
 -17.78 -26.61  -1.70
 -15.08 -28.22  -1.89
 -12.25 -29.56  -2.05
  -9.29 -30.62  -2.20
  -6.24 -31.39  -2.33
  -3.14 -31.85  -2.42
   0.00 -32.00  -2.47
   3.14 -31.85  -2.48
   6.24 -31.39  -2.44
   9.29 -30.62  -2.40
  12.25 -29.56  -2.34
  15.08 -28.22  -2.26
  17.78 -26.61  -2.17
  20.30 -24.74  -2.05
  22.63 -22.63  -1.91
  24.74 -20.30  -1.78
  26.61 -17.78  -1.64
  28.22 -15.08  -1.49
  29.56 -12.25  -1.26
  30.62  -9.29  -0.97
  31.39  -6.24  -0.65
  31.85  -3.14  -0.30
  32.00   0.00   0.11
  32.84   3.23   0.57
  32.37   6.44   1.05
  31.58   9.58   1.56
  30.49  12.63   2.06
  29.10  15.56   2.56
  27.44  18.33   3.08
  25.51  20.93   3.57
  23.33  23.33   3.92
  20.93  25.51   4.10
  18.33  27.44   4.13
  15.56  29.10   4.03
  12.63  30.49   3.82
   9.58  31.58   3.55
   6.44  32.37   3.23
   3.23  32.84   2.89
   0.00  33.00   2.57
  -3.23  32.84   2.26
  -6.44  32.37   1.98
  -9.58  31.58   1.73
 -12.63  30.49   1.51
 -15.56  29.10   1.32
 -18.33  27.44   1.16
 -20.93  25.51   1.02
 -23.33  23.33   0.89
 -25.51  20.94   0.77
 -27.44  18.33   0.65
 -29.10  15.56   0.53
 -30.49  12.63   0.41
 -31.58   9.58   0.29
 -32.37   6.44   0.18
 -32.84   3.23   0.06
 -33.00   0.00  -0.06
 -32.84  -3.23  -0.18
 -32.37  -6.44  -0.30
 -31.58  -9.58  -0.43
 -30.49 -12.63  -0.57
 -29.10 -15.56  -0.72
 -27.44 -18.33  -0.88
 -25.51 -20.93  -1.04
 -23.33 -23.33  -1.23
 -20.94 -25.51  -1.41
 -18.33 -27.44  -1.60
 -15.56 -29.10  -1.77
 -12.63 -30.49  -1.93
  -9.58 -31.58  -2.06
  -6.44 -32.37  -2.18
  -3.23 -32.84  -2.27
   0.00 -33.00  -2.31
   3.23 -32.84  -2.32
   6.44 -32.37  -2.29
   9.58 -31.58  -2.25
  12.63 -30.49  -2.19
  15.56 -29.10  -2.12
  18.33 -27.44  -2.03
  20.93 -25.51  -1.93
  23.33 -23.33  -1.81
  25.51 -20.94  -1.70
  27.44 -18.33  -1.59
  29.10 -15.56  -1.44
  30.49 -12.63  -1.18
  31.58  -9.58  -0.90
  32.37  -6.44  -0.60
  32.84  -3.23  -0.26
  33.00   0.00   0.13
  33.84   3.33   0.57
  33.35   6.63   1.02
  32.54   9.87   1.50
  31.41  13.01   1.97
  29.99  16.03   2.45
  28.27  18.89   2.94
  26.28  21.57   3.41
  24.04  24.04   3.81
  21.57  26.28   4.01
  18.89  28.27   4.05
  16.03  29.99   3.96
  13.01  31.41   3.76
   9.87  32.54   3.50
   6.63  33.35   3.18
   3.33  33.84   2.86
   0.00  34.00   2.53
  -3.33  33.84   2.23
  -6.63  33.35   1.95
  -9.87  32.54   1.70
 -13.01  31.41   1.49
 -16.03  29.99   1.30
 -18.89  28.27   1.13
 -21.57  26.28   0.99
 -24.04  24.04   0.86
 -26.28  21.57   0.73
 -28.27  18.89   0.61
 -29.99  16.03   0.49
 -31.41  13.01   0.38
 -32.54   9.87   0.27
 -33.35   6.63   0.16
 -33.84   3.33   0.05
 -34.00   0.00  -0.07
 -33.84  -3.33  -0.18
 -33.35  -6.63  -0.30
 -32.54  -9.87  -0.43
 -31.41 -13.01  -0.56
 -29.99 -16.03  -0.69
 -28.27 -18.89  -0.84
 -26.28 -21.57  -0.99
 -24.04 -24.04  -1.15
 -21.57 -26.28  -1.33
 -18.89 -28.27  -1.50
 -16.03 -29.99  -1.66
 -13.01 -31.41  -1.81
  -9.87 -32.54  -1.93
  -6.63 -33.35  -2.04
  -3.33 -33.84  -2.12
   0.00 -34.00  -2.16
   3.33 -33.84  -2.17
   6.63 -33.35  -2.15
   9.87 -32.54  -2.11
  13.01 -31.41  -2.06
  16.03 -29.99  -1.99
  18.89 -28.27  -1.91
  21.57 -26.28  -1.82
  24.04 -24.04  -1.72
  26.28 -21.57  -1.62
  28.27 -18.89  -1.52
  29.99 -16.03  -1.35
  31.41 -13.01  -1.10
  32.54  -9.87  -0.84
  33.35  -6.63  -0.55
  33.84  -3.33  -0.22
  34.00   0.00   0.15
  34.83   3.43   0.56
  34.33   6.83   0.99
  33.49  10.16   1.44
  32.34  13.39   1.89
  30.87  16.50   2.35
  29.10  19.44   2.81
  27.06  22.20   3.28
  24.75  24.75   3.68
  22.20  27.06   3.92
  19.44  29.10   3.98
  16.50  30.87   3.89
  13.39  32.34   3.71
  10.16  33.49   3.45
   6.83  34.33   3.14
   3.43  34.83   2.82
   0.00  35.00   2.50
  -3.43  34.83   2.20
  -6.83  34.33   1.92
 -10.16  33.49   1.68
 -13.39  32.34   1.46
 -16.50  30.87   1.27
 -19.44  29.10   1.11
 -22.20  27.06   0.96
 -24.75  24.75   0.83
 -27.06  22.20   0.70
 -29.10  19.45   0.58
 -30.87  16.50   0.46
 -32.34  13.39   0.35
 -33.49  10.16   0.25
 -34.33   6.83   0.14
 -34.83   3.43   0.03
 -35.00   0.00  -0.08
 -34.83  -3.43  -0.19
 -34.33  -6.83  -0.30
 -33.49 -10.16  -0.42
 -32.34 -13.39  -0.54
 -30.87 -16.50  -0.67
 -29.10 -19.44  -0.80
 -27.06 -22.20  -0.94
 -24.75 -24.75  -1.09
 -22.20 -27.06  -1.25
 -19.45 -29.10  -1.40
 -16.50 -30.87  -1.55
 -13.39 -32.34  -1.69
 -10.16 -33.49  -1.81
  -6.83 -34.33  -1.91
  -3.43 -34.83  -1.98
   0.00 -35.00  -2.03
   3.43 -34.83  -2.03
   6.83 -34.33  -2.01
  10.16 -33.49  -1.98
  13.39 -32.34  -1.92
  16.50 -30.87  -1.86
  19.44 -29.10  -1.79
  22.20 -27.06  -1.71
  24.75 -24.75  -1.62
  27.06 -22.20  -1.54
  29.10 -19.45  -1.45
  30.87 -16.50  -1.25
  32.34 -13.39  -1.03
  33.49 -10.16  -0.78
  34.33  -6.83  -0.50
  34.83  -3.43  -0.19
  35.00   0.00   0.17
  35.83   3.53   0.55
  35.31   7.02   0.95
  34.45  10.45   1.38
  33.26  13.78   1.81
  31.75  16.97   2.25
  29.93  20.00   2.69
  27.83  22.84   3.13
  25.46  25.46   3.54
  22.84  27.83   3.82
  20.00  29.93   3.90
  16.97  31.75   3.83
  13.78  33.26   3.65
  10.45  34.45   3.40
   7.02  35.31   3.10
   3.53  35.83   2.78
   0.00  36.00   2.46
  -3.53  35.83   2.16
  -7.02  35.31   1.89
 -10.45  34.45   1.65
 -13.78  33.26   1.43
 -16.97  31.75   1.25
 -20.00  29.93   1.08
 -22.84  27.83   0.93
 -25.46  25.46   0.80
 -27.83  22.84   0.67
 -29.93  20.00   0.55
 -31.75  16.97   0.43
 -33.26  13.78   0.33
 -34.45  10.45   0.23
 -35.31   7.02   0.12
 -35.83   3.53   0.02
 -36.00   0.00  -0.08
 -35.83  -3.53  -0.19
 -35.31  -7.02  -0.29
 -34.45 -10.45  -0.41
 -33.26 -13.78  -0.52
 -31.75 -16.97  -0.64
 -29.93 -20.00  -0.76
 -27.83 -22.84  -0.89
 -25.46 -25.46  -1.02
 -22.84 -27.83  -1.16
 -20.00 -29.93  -1.31
 -16.97 -31.75  -1.46
 -13.78 -33.26  -1.59
 -10.45 -34.45  -1.70
  -7.02 -35.31  -1.79
  -3.53 -35.83  -1.86
   0.00 -36.00  -1.89
   3.53 -35.83  -1.90
   7.02 -35.31  -1.88
  10.45 -34.45  -1.85
  13.78 -33.26  -1.80
  16.97 -31.75  -1.74
  20.00 -29.93  -1.67
  22.84 -27.83  -1.60
  25.46 -25.46  -1.53
  27.83 -22.84  -1.46
  29.93 -20.00  -1.34
  31.75 -16.97  -1.17
  33.26 -13.78  -0.96
  34.45 -10.45  -0.73
  35.31  -7.02  -0.46
  35.83  -3.53  -0.16
  36.00   0.00   0.18
  36.82   3.63   0.54
  36.29   7.22   0.92
  35.41  10.74   1.32
  34.18  14.16   1.73
  32.63  17.44   2.14
  30.76  20.56   2.56
  28.60  23.47   2.98
  26.16  26.16   3.39
  23.47  28.60   3.71
  20.56  30.76   3.83
  17.44  32.63   3.77
  14.16  34.18   3.60
  10.74  35.41   3.35
   7.22  36.29   3.06
   3.63  36.82   2.74
   0.00  37.00   2.43
  -3.63  36.82   2.13
  -7.22  36.29   1.86
 -10.74  35.41   1.62
 -14.16  34.18   1.40
 -17.44  32.63   1.22
 -20.56  30.76   1.05
 -23.47  28.60   0.90
 -26.16  26.16   0.77
 -28.60  23.47   0.64
 -30.76  20.56   0.52
 -32.63  17.44   0.41
 -34.18  14.16   0.31
 -35.41  10.74   0.21
 -36.29   7.22   0.11
 -36.82   3.63   0.01
 -37.00   0.00  -0.09
 -36.82  -3.63  -0.19
 -36.29  -7.22  -0.29
 -35.41 -10.74  -0.40
 -34.18 -14.16  -0.50
 -32.63 -17.44  -0.61
 -30.76 -20.56  -0.73
 -28.60 -23.47  -0.84
 -26.16 -26.16  -0.96
 -23.47 -28.60  -1.09
 -20.56 -30.76  -1.23
 -17.44 -32.63  -1.36
 -14.16 -34.18  -1.49
 -10.74 -35.41  -1.59
  -7.22 -36.29  -1.68
  -3.63 -36.82  -1.74
   0.00 -37.00  -1.77
   3.63 -36.82  -1.78
   7.22 -36.29  -1.76
  10.74 -35.41  -1.73
  14.16 -34.18  -1.68
  17.44 -32.63  -1.63
  20.56 -30.76  -1.57
  23.47 -28.60  -1.50
  26.16 -26.16  -1.43
  28.60 -23.47  -1.38
  30.76 -20.56  -1.25
  32.63 -17.44  -1.09
  34.18 -14.16  -0.90
  35.41 -10.74  -0.68
  36.29  -7.22  -0.42
  36.82  -3.63  -0.14
  37.00   0.00   0.19
  37.82   3.72   0.52
  37.27   7.41   0.88
  36.36  11.03   1.26
  35.11  14.54   1.65
  33.51  17.91   2.05
  31.60  21.11   2.44
  29.37  24.11   2.84
  26.87  26.87   3.24
  24.11  29.37   3.60
  21.11  31.60   3.75
  17.91  33.51   3.71
  14.54  35.11   3.55
  11.03  36.36   3.30
   7.41  37.27   3.01
   3.72  37.82   2.70
   0.00  38.00   2.39
  -3.72  37.82   2.09
  -7.41  37.27   1.83
 -11.03  36.36   1.59
 -14.54  35.11   1.37
 -17.91  33.51   1.19
 -21.11  31.60   1.02
 -24.11  29.37   0.87
 -26.87  26.87   0.74
 -29.37  24.11   0.61
 -31.60  21.11   0.49
 -33.51  17.91   0.39
 -35.11  14.54   0.29
 -36.36  11.03   0.19
 -37.27   7.41   0.10
 -37.82   3.72   0.00
 -38.00   0.00  -0.09
 -37.82  -3.72  -0.19
 -37.27  -7.41  -0.28
 -36.36 -11.03  -0.38
 -35.11 -14.54  -0.48
 -33.51 -17.91  -0.59
 -31.60 -21.11  -0.69
 -29.37 -24.11  -0.80
 -26.87 -26.87  -0.90
 -24.11 -29.37  -1.02
 -21.11 -31.60  -1.15
 -17.91 -33.51  -1.27
 -14.54 -35.11  -1.39
 -11.03 -36.36  -1.49
  -7.41 -37.27  -1.57
  -3.72 -37.82  -1.63
   0.00 -38.00  -1.66
   3.72 -37.82  -1.67
   7.41 -37.27  -1.65
  11.03 -36.36  -1.62
  14.54 -35.11  -1.57
  17.91 -33.51  -1.52
  21.11 -31.60  -1.46
  24.11 -29.37  -1.40
  26.87 -26.87  -1.34
  29.37 -24.11  -1.28
  31.60 -21.11  -1.16
  33.51 -17.91  -1.02
  35.11 -14.54  -0.84
  36.36 -11.03  -0.63
  37.27  -7.41  -0.39
  37.82  -3.72  -0.11
  38.00   0.00   0.19
  38.81   3.82   0.51
  38.25   7.61   0.85
  37.32  11.32   1.21
  36.03  14.92   1.57
  34.39  18.38   1.95
  32.43  21.67   2.33
  30.15  24.74   2.71
  27.58  27.58   3.09
  24.74  30.15   3.46
  21.67  32.43   3.67
  18.38  34.39   3.65
  14.92  36.03   3.50
  11.32  37.32   3.26
   7.61  38.25   2.97
   3.82  38.81   2.66
   0.00  39.00   2.35
  -3.82  38.81   2.06
  -7.61  38.25   1.79
 -11.32  37.32   1.55
 -14.92  36.03   1.34
 -18.38  34.39   1.16
 -21.67  32.43   0.99
 -24.74  30.15   0.84
 -27.58  27.58   0.70
 -30.15  24.74   0.58
 -32.43  21.67   0.47
 -34.39  18.38   0.37
 -36.03  14.92   0.27
 -37.32  11.32   0.18
 -38.25   7.61   0.09
 -38.81   3.82   0.00
 -39.00   0.00  -0.09
 -38.81  -3.82  -0.19
 -38.25  -7.61  -0.28
 -37.32 -11.32  -0.37
 -36.03 -14.92  -0.47
 -34.39 -18.38  -0.56
 -32.43 -21.67  -0.66
 -30.15 -24.74  -0.75
 -27.58 -27.58  -0.85
 -24.74 -30.15  -0.95
 -21.67 -32.43  -1.07
 -18.38 -34.39  -1.19
 -14.92 -36.03  -1.30
 -11.32 -37.32  -1.39
  -7.61 -38.25  -1.47
  -3.82 -38.81  -1.52
   0.00 -39.00  -1.55
   3.82 -38.81  -1.56
   7.61 -38.25  -1.54
  11.32 -37.32  -1.51
  14.92 -36.03  -1.47
  18.38 -34.40  -1.41
  21.67 -32.43  -1.36
  24.74 -30.15  -1.30
  27.58 -27.58  -1.26
  30.15 -24.74  -1.18
  32.43 -21.67  -1.09
  34.39 -18.38  -0.95
  36.03 -14.92  -0.78
  37.32 -11.32  -0.58
  38.25  -7.61  -0.35
  38.81  -3.82  -0.09
  39.00   0.00   0.19
  39.81   3.92   0.49
  39.23   7.80   0.81
  38.28  11.61   1.15
  36.96  15.31   1.50
  35.28  18.86   1.85
  33.26  22.22   2.21
  30.92  25.38   2.57
  28.28  28.28   2.94
  25.38  30.92   3.31
  22.22  33.26   3.57
  18.86  35.28   3.59
  15.31  36.96   3.44
  11.61  38.28   3.21
   7.80  39.23   2.92
   3.92  39.81   2.62
   0.00  40.00   2.31
  -3.92  39.81   2.02
  -7.80  39.23   1.75
 -11.61  38.28   1.52
 -15.31  36.96   1.31
 -18.86  35.28   1.12
 -22.22  33.26   0.96
 -25.38  30.92   0.81
 -28.28  28.28   0.67
 -30.92  25.38   0.55
 -33.26  22.22   0.45
 -35.28  18.86   0.35
 -36.96  15.31   0.26
 -38.28  11.61   0.17
 -39.23   7.80   0.08
 -39.81   3.92  -0.01
 -40.00   0.00  -0.09
 -39.81  -3.92  -0.18
 -39.23  -7.80  -0.27
 -38.28 -11.61  -0.36
 -36.96 -15.31  -0.45
 -35.28 -18.86  -0.54
 -33.26 -22.22  -0.63
 -30.92 -25.38  -0.71
 -28.28 -28.28  -0.80
 -25.38 -30.92  -0.89
 -22.22 -33.26  -1.00
 -18.86 -35.28  -1.11
 -15.31 -36.96  -1.21
 -11.61 -38.28  -1.30
  -7.80 -39.23  -1.37
  -3.92 -39.81  -1.42
   0.00 -40.00  -1.45
   3.92 -39.81  -1.46
   7.80 -39.23  -1.44
  11.61 -38.28  -1.41
  15.31 -36.96  -1.37
  18.86 -35.28  -1.32
  22.22 -33.26  -1.26
  25.38 -30.92  -1.21
  28.28 -28.28  -1.17
  30.92 -25.38  -1.10
  33.26 -22.22  -1.01
  35.28 -18.86  -0.89
  36.96 -15.31  -0.73
  38.28 -11.61  -0.54
  39.23  -7.80  -0.32
  39.81  -3.92  -0.08
  40.00   0.00   0.19
