      1.00      0.10      0.36
      0.98      0.20      0.36
      0.96      0.29      0.35
      0.92      0.38      0.35
      0.88      0.47      0.35
      0.83      0.56      0.35
      0.77      0.63      0.35
      0.71      0.71      0.35
      0.63      0.77      0.35
      0.56      0.83      0.36
      0.47      0.88      0.36
      0.38      0.92      0.36
      0.29      0.96      0.36
      0.20      0.98      0.36
      0.10      1.00      0.37
      0.00      1.00      0.37
     -0.10      1.00      0.37
     -0.20      0.98      0.38
     -0.29      0.96      0.38
     -0.38      0.92      0.38
     -0.47      0.88      0.40
     -0.56      0.83      0.40
     -0.63      0.77      0.41
     -0.71      0.71      0.41
     -0.77      0.63      0.41
     -0.83      0.56      0.42
     -0.88      0.47      0.42
     -0.92      0.38      0.42
     -0.96      0.29      0.43
     -0.98      0.20      0.43
     -1.00      0.10      0.43
     -1.00      0.00      0.44
     -1.00     -0.10      0.44
     -0.98     -0.20      0.44
     -0.96     -0.29      0.44
     -0.92     -0.38      0.44
     -0.88     -0.47      0.44
     -0.83     -0.56      0.44
     -0.77     -0.63      0.44
     -0.71     -0.71      0.44
     -0.63     -0.77      0.44
     -0.56     -0.83      0.44
     -0.47     -0.88      0.44
     -0.38     -0.92      0.44
     -0.29     -0.96      0.43
     -0.20     -0.98      0.43
     -0.10     -1.00      0.43
      0.00     -1.00      0.43
      0.10     -1.00      0.42
      0.20     -0.98      0.42
      0.29     -0.96      0.41
      0.38     -0.92      0.41
      0.47     -0.88      0.41
      0.56     -0.83      0.40
      0.63     -0.77      0.40
      0.71     -0.71      0.38
      0.77     -0.63      0.38
      0.83     -0.56      0.38
      0.88     -0.47      0.37
      0.92     -0.38      0.37
      0.96     -0.29      0.37
      0.98     -0.20      0.36
      1.00     -0.10      0.36
      1.00      0.00      0.36
      1.99      0.20      0.27
      1.96      0.39      0.27
      1.91      0.58      0.26
      1.85      0.77      0.26
      1.76      0.94      0.26
      1.66      1.11      0.26
      1.55      1.27      0.26
      1.41      1.41      0.26
      1.27      1.55      0.26
      1.11      1.66      0.27
      0.94      1.76      0.27
      0.77      1.85      0.27
      0.58      1.91      0.29
      0.39      1.96      0.30
      0.20      1.99      0.30
      0.00      2.00      0.31
     -0.20      1.99      0.32
     -0.39      1.96      0.33
     -0.58      1.91      0.34
     -0.77      1.85      0.35
     -0.94      1.76      0.36
     -1.11      1.66      0.38
     -1.27      1.55      0.40
     -1.41      1.41      0.41
     -1.55      1.27      0.42
     -1.66      1.11      0.43
     -1.76      0.94      0.44
     -1.85      0.77      0.45
     -1.91      0.58      0.46
     -1.96      0.39      0.47
     -1.99      0.20      0.48
     -2.00      0.00      0.49
     -1.99     -0.20      0.51
     -1.96     -0.39      0.51
     -1.91     -0.58      0.52
     -1.85     -0.77      0.52
     -1.76     -0.94      0.52
     -1.66     -1.11      0.52
     -1.55     -1.27      0.52
     -1.41     -1.41      0.52
     -1.27     -1.55      0.52
     -1.11     -1.66      0.51
     -0.94     -1.76      0.51
     -0.77     -1.85      0.49
     -0.58     -1.91      0.48
     -0.39     -1.96      0.47
     -0.20     -1.99      0.46
      0.00     -2.00      0.45
      0.20     -1.99      0.44
      0.39     -1.96      0.43
      0.58     -1.91      0.42
      0.77     -1.85      0.41
      0.94     -1.76      0.40
      1.11     -1.66      0.38
      1.27     -1.55      0.37
      1.41     -1.41      0.36
      1.55     -1.27      0.35
      1.66     -1.11      0.34
      1.76     -0.94      0.33
      1.85     -0.77      0.32
      1.91     -0.58      0.31
      1.96     -0.39      0.30
      1.99     -0.20      0.29
      2.00      0.00      0.29
      2.99      0.29      0.20
      2.94      0.59      0.19
      2.87      0.87      0.19
      2.77      1.15      0.18
      2.65      1.41      0.18
      2.49      1.67      0.18
      2.32      1.90      0.18
      2.12      2.12      0.18
      1.90      2.32      0.18
      1.67      2.49      0.19
      1.41      2.65      0.19
      1.15      2.77      0.20
      0.87      2.87      0.21
      0.59      2.94      0.22
      0.29      2.99      0.23
      0.00      3.00      0.24
     -0.29      2.99      0.26
     -0.59      2.94      0.27
     -0.87      2.87      0.30
     -1.15      2.77      0.31
     -1.41      2.65      0.33
     -1.67      2.49      0.35
     -1.90      2.32      0.36
     -2.12      2.12      0.38
     -2.32      1.90      0.41
     -2.49      1.67      0.43
     -2.65      1.41      0.44
     -2.77      1.15      0.46
     -2.87      0.87      0.48
     -2.94      0.59      0.49
     -2.99      0.29      0.52
     -3.00      0.00      0.53
     -2.99     -0.29      0.54
     -2.94     -0.59      0.55
     -2.87     -0.87      0.56
     -2.77     -1.15      0.57
     -2.65     -1.41      0.57
     -2.49     -1.67      0.57
     -2.32     -1.90      0.57
     -2.12     -2.12      0.57
     -1.90     -2.32      0.56
     -1.67     -2.49      0.55
     -1.41     -2.65      0.54
     -1.15     -2.77      0.53
     -0.87     -2.87      0.52
     -0.59     -2.94      0.49
     -0.29     -2.99      0.48
      0.00     -3.00      0.46
      0.29     -2.99      0.45
      0.59     -2.94      0.43
      0.87     -2.87      0.41
      1.15     -2.77      0.38
      1.41     -2.65      0.37
      1.67     -2.49      0.35
      1.90     -2.32      0.33
      2.12     -2.12      0.32
      2.32     -1.90      0.30
      2.49     -1.67      0.29
      2.65     -1.41      0.26
      2.77     -1.15      0.25
      2.87     -0.87      0.24
      2.94     -0.59      0.23
      2.99     -0.29      0.22
      3.00      0.00      0.21
      3.98      0.39      0.12
      3.92      0.78      0.11
      3.83      1.16      0.11
      3.70      1.53      0.10
      3.53      1.89      0.10
      3.33      2.22      0.10
      3.09      2.54      0.10
      2.83      2.83      0.10
      2.54      3.09      0.10
      2.22      3.33      0.11
      1.89      3.53      0.11
      1.53      3.70      0.12
      1.16      3.83      0.13
      0.78      3.92      0.15
      0.39      3.98      0.17
      0.00      4.00      0.18
     -0.39      3.98      0.20
     -0.78      3.92      0.22
     -1.16      3.83      0.24
     -1.53      3.70      0.25
     -1.89      3.53      0.27
     -2.22      3.33      0.30
     -2.54      3.09      0.33
     -2.83      2.83      0.35
     -3.09      2.54      0.37
     -3.33      2.22      0.40
     -3.53      1.89      0.43
     -3.70      1.53      0.45
     -3.83      1.16      0.47
     -3.92      0.78      0.49
     -3.98      0.39      0.52
     -4.00      0.00      0.54
     -3.98     -0.39      0.55
     -3.92     -0.78      0.57
     -3.83     -1.16      0.58
     -3.70     -1.53      0.59
     -3.53     -1.89      0.59
     -3.33     -2.22      0.59
     -3.09     -2.54      0.59
     -2.83     -2.83      0.59
     -2.54     -3.09      0.58
     -2.22     -3.33      0.57
     -1.89     -3.53      0.55
     -1.53     -3.70      0.54
     -1.16     -3.83      0.52
     -0.78     -3.92      0.49
     -0.39     -3.98      0.47
      0.00     -4.00      0.45
      0.39     -3.98      0.42
      0.78     -3.92      0.40
      1.16     -3.83      0.37
      1.53     -3.70      0.35
      1.89     -3.53      0.33
      2.22     -3.33      0.31
      2.54     -3.09      0.29
      2.83     -2.83      0.26
      3.09     -2.54      0.24
      3.33     -2.22      0.22
      3.53     -1.89      0.21
      3.70     -1.53      0.19
      3.83     -1.16      0.18
      3.92     -0.78      0.17
      3.98     -0.39      0.14
      4.00      0.00      0.13
      4.98      0.49      0.07
      4.90      0.98      0.05
      4.78      1.45      0.04
      4.62      1.91      0.04
      4.41      2.36      0.03
      4.16      2.78      0.03
      3.87      3.17      0.03
      3.54      3.54      0.03
      3.17      3.87      0.04
      2.78      4.16      0.04
      2.36      4.41      0.05
      1.91      4.62      0.07
      1.45      4.78      0.08
      0.98      4.90      0.09
      0.49      4.98      0.11
      0.00      5.00      0.12
     -0.49      4.98      0.14
     -0.98      4.90      0.17
     -1.45      4.78      0.19
     -1.91      4.62      0.21
     -2.36      4.41      0.23
     -2.78      4.16      0.25
     -3.17      3.87      0.27
     -3.54      3.54      0.30
     -3.87      3.17      0.33
     -4.16      2.78      0.35
     -4.41      2.36      0.38
     -4.62      1.91      0.41
     -4.78      1.45      0.44
     -4.90      0.98      0.46
     -4.98      0.49      0.48
     -5.00      0.00      0.52
     -4.98     -0.49      0.54
     -4.90     -0.98      0.55
     -4.78     -1.45      0.57
     -4.62     -1.91      0.58
     -4.41     -2.36      0.58
     -4.16     -2.78      0.59
     -3.87     -3.17      0.58
     -3.54     -3.54      0.58
     -3.17     -3.87      0.57
     -2.78     -4.16      0.55
     -2.36     -4.41      0.53
     -1.91     -4.62      0.51
     -1.45     -4.78      0.48
     -0.98     -4.90      0.46
     -0.49     -4.98      0.43
      0.00     -5.00      0.41
      0.49     -4.98      0.37
      0.98     -4.90      0.35
      1.45     -4.78      0.32
      1.91     -4.62      0.30
      2.36     -4.41      0.27
      2.78     -4.16      0.25
      3.17     -3.87      0.23
      3.54     -3.54      0.21
      3.87     -3.17      0.19
      4.16     -2.78      0.17
      4.41     -2.36      0.15
      4.62     -1.91      0.13
      4.78     -1.45      0.12
      4.90     -0.98      0.10
      4.98     -0.49      0.09
      5.00      0.00      0.08
      5.97      0.59      0.02
      5.88      1.17      0.01
      5.74      1.74      0.01
      5.54      2.30      0.00
      5.29      2.83      0.00
      4.99      3.33     -0.01
      4.64      3.81     -0.01
      4.24      4.24      0.00
      3.81      4.64      0.00
      3.33      4.99      0.00
      2.83      5.29      0.01
      2.30      5.54      0.02
      1.74      5.74      0.03
      1.17      5.88      0.04
      0.59      5.97      0.07
      0.00      6.00      0.08
     -0.59      5.97      0.10
     -1.17      5.88      0.11
     -1.74      5.74      0.13
     -2.30      5.54      0.15
     -2.83      5.29      0.18
     -3.33      4.99      0.20
     -3.81      4.64      0.22
     -4.24      4.24      0.24
     -4.64      3.81      0.26
     -4.99      3.33      0.29
     -5.29      2.83      0.32
     -5.54      2.30      0.34
     -5.74      1.74      0.37
     -5.88      1.17      0.41
     -5.97      0.59      0.43
     -6.00      0.00      0.46
     -5.97     -0.59      0.48
     -5.88     -1.17      0.51
     -5.74     -1.74      0.53
     -5.54     -2.30      0.54
     -5.29     -2.83      0.55
     -4.99     -3.33      0.55
     -4.64     -3.81      0.55
     -4.24     -4.24      0.54
     -3.81     -4.64      0.52
     -3.33     -4.99      0.51
     -2.83     -5.29      0.48
     -2.30     -5.54      0.45
     -1.74     -5.74      0.43
     -1.17     -5.88      0.40
     -0.59     -5.97      0.36
      0.00     -6.00      0.34
      0.59     -5.97      0.31
      1.17     -5.88      0.29
      1.74     -5.74      0.25
      2.30     -5.54      0.23
      2.83     -5.29      0.21
      3.33     -4.99      0.19
      3.81     -4.64      0.18
      4.24     -4.24      0.15
      4.64     -3.81      0.13
      4.99     -3.33      0.12
      5.29     -2.83      0.10
      5.54     -2.30      0.09
      5.74     -1.74      0.08
      5.88     -1.17      0.07
      5.97     -0.59      0.04
      6.00      0.00      0.03
      6.97      0.69      0.00
      6.87      1.37     -0.01
      6.70      2.03     -0.01
      6.47      2.68     -0.02
      6.17      3.30     -0.02
      5.82      3.89     -0.02
      5.41      4.44     -0.02
      4.95      4.95     -0.02
      4.44      5.41     -0.02
      3.89      5.82     -0.02
      3.30      6.17     -0.01
      2.68      6.47      0.00
      2.03      6.70      0.01
      1.37      6.87      0.02
      0.69      6.97      0.03
      0.00      7.00      0.04
     -0.69      6.97      0.07
     -1.37      6.87      0.08
     -2.03      6.70      0.09
     -2.68      6.47      0.11
     -3.30      6.17      0.12
     -3.89      5.82      0.14
     -4.44      5.41      0.15
     -4.95      4.95      0.18
     -5.41      4.44      0.19
     -5.82      3.89      0.21
     -6.17      3.30      0.24
     -6.47      2.68      0.26
     -6.70      2.03      0.30
     -6.87      1.37      0.32
     -6.97      0.69      0.35
     -7.00      0.00      0.38
     -6.97     -0.69      0.41
     -6.87     -1.37      0.43
     -6.70     -2.03      0.45
     -6.47     -2.68      0.47
     -6.17     -3.30      0.47
     -5.82     -3.89      0.48
     -5.41     -4.44      0.47
     -4.95     -4.95      0.46
     -4.44     -5.41      0.45
     -3.89     -5.82      0.43
     -3.30     -6.17      0.40
     -2.68     -6.47      0.37
     -2.03     -6.70      0.34
     -1.37     -6.87      0.31
     -0.69     -6.97      0.27
      0.00     -7.00      0.25
      0.69     -6.97      0.22
      1.37     -6.87      0.20
      2.03     -6.70      0.18
      2.68     -6.47      0.15
      3.30     -6.17      0.14
      3.89     -5.82      0.13
      4.44     -5.41      0.11
      4.95     -4.95      0.10
      5.41     -4.44      0.09
      5.82     -3.89      0.08
      6.17     -3.30      0.07
      6.47     -2.68      0.05
      6.70     -2.03      0.04
      6.87     -1.37      0.03
      6.97     -0.69      0.02
      7.00      0.00      0.01
      7.96      0.78      0.00
      7.85      1.56     -0.01
      7.66      2.32     -0.02
      7.39      3.06     -0.02
      7.06      3.77     -0.02
      6.65      4.44     -0.03
      6.18      5.08     -0.03
      5.66      5.66     -0.03
      5.08      6.18     -0.02
      4.44      6.65     -0.02
      3.77      7.06     -0.01
      3.06      7.39     -0.01
      2.32      7.66      0.00
      1.56      7.85      0.01
      0.78      7.96      0.02
      0.00      8.00      0.03
     -0.78      7.96      0.04
     -1.56      7.85      0.05
     -2.32      7.66      0.07
     -3.06      7.39      0.07
     -3.77      7.06      0.08
     -4.44      6.65      0.09
     -5.08      6.18      0.10
     -5.66      5.66      0.11
     -6.18      5.08      0.12
     -6.65      4.44      0.13
     -7.06      3.77      0.15
     -7.39      3.06      0.18
     -7.66      2.32      0.20
     -7.85      1.56      0.22
     -7.96      0.78      0.25
     -8.00      0.00      0.27
     -7.96     -0.78      0.31
     -7.85     -1.56      0.33
     -7.66     -2.32      0.35
     -7.39     -3.06      0.37
     -7.06     -3.77      0.38
     -6.65     -4.44      0.38
     -6.18     -5.08      0.37
     -5.66     -5.66      0.36
     -5.08     -6.18      0.35
     -4.44     -6.65      0.33
     -3.77     -7.06      0.30
     -3.06     -7.39      0.26
     -2.32     -7.66      0.24
     -1.56     -7.85      0.21
     -0.78     -7.96      0.18
      0.00     -8.00      0.15
      0.78     -7.96      0.13
      1.56     -7.85      0.11
      2.32     -7.66      0.10
      3.06     -7.39      0.09
      3.77     -7.06      0.08
      4.44     -6.65      0.07
      5.08     -6.18      0.07
      5.66     -5.66      0.05
      6.18     -5.08      0.05
      6.65     -4.44      0.04
      7.06     -3.77      0.04
      7.39     -3.06      0.03
      7.66     -2.32      0.02
      7.85     -1.56      0.02
      7.96     -0.78      0.01
      8.00      0.00      0.00
      8.96      0.88      0.00
      8.83      1.76      0.00
      8.61      2.61     -0.01
      8.31      3.44     -0.01
      7.94      4.24     -0.01
      7.48      5.00     -0.01
      6.96      5.71     -0.01
      6.36      6.36     -0.01
      5.71      6.96     -0.01
      5.00      7.48     -0.01
      4.24      7.94      0.00
      3.44      8.31      0.00
      2.61      8.61      0.01
      1.76      8.83      0.01
      0.88      8.96      0.02
      0.00      9.00      0.03
     -0.88      8.96      0.03
     -1.76      8.83      0.04
     -2.61      8.61      0.04
     -3.44      8.31      0.04
     -4.24      7.94      0.04
     -5.00      7.48      0.04
     -5.71      6.96      0.04
     -6.36      6.36      0.04
     -6.96      5.71      0.04
     -7.48      5.00      0.05
     -7.94      4.24      0.05
     -8.31      3.44      0.08
     -8.61      2.61      0.09
     -8.83      1.76      0.11
     -8.96      0.88      0.14
     -9.00      0.00      0.17
     -8.96     -0.88      0.20
     -8.83     -1.76      0.22
     -8.61     -2.61      0.24
     -8.31     -3.44      0.26
     -7.94     -4.24      0.26
     -7.48     -5.00      0.27
     -6.96     -5.71      0.26
     -6.36     -6.36      0.25
     -5.71     -6.96      0.23
     -5.00     -7.48      0.21
     -4.24     -7.94      0.19
     -3.44     -8.31      0.15
     -2.61     -8.61      0.12
     -1.76     -8.83      0.10
     -0.88     -8.96      0.07
      0.00     -9.00      0.05
      0.88     -8.96      0.03
      1.76     -8.83      0.02
      2.61     -8.61      0.01
      3.44     -8.31      0.01
      4.24     -7.94      0.01
      5.00     -7.48      0.01
      5.71     -6.96      0.01
      6.36     -6.36      0.02
      6.96     -5.71      0.02
      7.48     -5.00      0.02
      7.94     -4.24      0.02
      8.31     -3.44      0.02
      8.61     -2.61      0.02
      8.83     -1.76      0.01
      8.96     -0.88      0.01
      9.00      0.00      0.01
      9.95      0.98      0.02
      9.81      1.95      0.01
      9.57      2.90      0.01
      9.24      3.83      0.01
      8.82      4.71      0.01
      8.31      5.56      0.01
      7.73      6.34      0.01
      7.07      7.07      0.01
      6.34      7.73      0.01
      5.56      8.31      0.01
      4.71      8.82      0.02
      3.83      9.24      0.02
      2.90      9.57      0.02
      1.95      9.81      0.03
      0.98      9.95      0.03
      0.00     10.00      0.03
     -0.98      9.95      0.03
     -1.95      9.81      0.03
     -2.90      9.57      0.03
     -3.83      9.24      0.02
     -4.71      8.82      0.01
     -5.56      8.31      0.01
     -6.34      7.73      0.00
     -7.07      7.07     -0.01
     -7.73      6.34     -0.02
     -8.31      5.56     -0.02
     -8.82      4.71     -0.02
     -9.24      3.83     -0.02
     -9.57      2.90     -0.01
     -9.81      1.95      0.01
     -9.95      0.98      0.03
    -10.00      0.00      0.05
     -9.95     -0.98      0.08
     -9.81     -1.95      0.10
     -9.57     -2.90      0.12
     -9.24     -3.83      0.14
     -8.82     -4.71      0.15
     -8.31     -5.56      0.15
     -7.73     -6.34      0.14
     -7.07     -7.07      0.13
     -6.34     -7.73      0.12
     -5.56     -8.31      0.09
     -4.71     -8.82      0.07
     -3.83     -9.24      0.03
     -2.90     -9.57      0.01
     -1.95     -9.81     -0.01
     -0.98     -9.95     -0.03
      0.00    -10.00     -0.04
      0.98     -9.95     -0.05
      1.95     -9.81     -0.05
      2.90     -9.57     -0.05
      3.83     -9.24     -0.05
      4.71     -8.82     -0.04
      5.56     -8.31     -0.03
      6.34     -7.73     -0.02
      7.07     -7.07     -0.01
      7.73     -6.34     -0.01
      8.31     -5.56      0.00
      8.82     -4.71      0.01
      9.24     -3.83      0.01
      9.57     -2.90      0.01
      9.81     -1.95      0.02
      9.95     -0.98      0.02
     10.00      0.00      0.02
     10.95      1.08      0.03
     10.79      2.15      0.04
     10.53      3.19      0.04
     10.16      4.21      0.04
      9.70      5.19      0.04
      9.15      6.11      0.04
      8.50      6.98      0.04
      7.78      7.78      0.04
      6.98      8.50      0.04
      6.11      9.15      0.04
      5.19      9.70      0.04
      4.21     10.16      0.04
      3.19     10.53      0.04
      2.15     10.79      0.04
      1.08     10.95      0.04
      0.00     11.00      0.04
     -1.08     10.95      0.04
     -2.15     10.79      0.03
     -3.19     10.53      0.02
     -4.21     10.16      0.01
     -5.19      9.70      0.00
     -6.11      9.15     -0.02
     -6.98      8.50     -0.04
     -7.78      7.78     -0.05
     -8.50      6.98     -0.08
     -9.15      6.11     -0.09
     -9.70      5.19     -0.10
    -10.16      4.21     -0.10
    -10.53      3.19     -0.10
    -10.79      2.15     -0.09
    -10.95      1.08     -0.07
    -11.00      0.00     -0.05
    -10.95     -1.08     -0.03
    -10.79     -2.15     -0.01
    -10.53     -3.19      0.01
    -10.16     -4.21      0.02
     -9.70     -5.19      0.03
     -9.15     -6.11      0.04
     -8.50     -6.98      0.03
     -7.78     -7.78      0.02
     -6.98     -8.50      0.00
     -6.11     -9.15     -0.02
     -5.19     -9.70     -0.04
     -4.21    -10.16     -0.07
     -3.19    -10.53     -0.09
     -2.15    -10.79     -0.11
     -1.08    -10.95     -0.12
      0.00    -11.00     -0.13
      1.08    -10.95     -0.13
      2.15    -10.79     -0.13
      3.19    -10.53     -0.12
      4.21    -10.16     -0.11
      5.19     -9.70     -0.09
      6.11     -9.15     -0.08
      6.98     -8.50     -0.05
      7.78     -7.78     -0.04
      8.50     -6.98     -0.02
      9.15     -6.11     -0.01
      9.70     -5.19      0.00
     10.16     -4.21      0.01
     10.53     -3.19      0.02
     10.79     -2.15      0.02
     10.95     -1.08      0.03
     11.00      0.00      0.03
     11.94      1.18      0.05
     11.77      2.34      0.07
     11.48      3.48      0.07
     11.09      4.59      0.08
     10.58      5.66      0.08
      9.98      6.67      0.08
      9.28      7.61      0.08
      8.49      8.49      0.08
      7.61      9.28      0.08
      6.67      9.98      0.08
      5.66     10.58      0.08
      4.59     11.09      0.07
      3.48     11.48      0.07
      2.34     11.77      0.07
      1.18     11.94      0.07
      0.00     12.00      0.05
     -1.18     11.94      0.04
     -2.34     11.77      0.03
     -3.48     11.48      0.02
     -4.59     11.09      0.01
     -5.66     10.58     -0.01
     -6.67      9.98     -0.04
     -7.61      9.28     -0.07
     -8.49      8.49     -0.09
     -9.28      7.61     -0.12
     -9.98      6.67     -0.13
    -10.58      5.66     -0.15
    -11.09      4.59     -0.17
    -11.48      3.48     -0.17
    -11.77      2.34     -0.17
    -11.94      1.18     -0.15
    -12.00      0.00     -0.14
    -11.94     -1.18     -0.12
    -11.77     -2.34     -0.10
    -11.48     -3.48     -0.09
    -11.09     -4.59     -0.08
    -10.58     -5.66     -0.07
     -9.98     -6.67     -0.07
     -9.28     -7.61     -0.07
     -8.49     -8.49     -0.08
     -7.61     -9.28     -0.10
     -6.67     -9.98     -0.11
     -5.66    -10.58     -0.13
     -4.59    -11.09     -0.15
     -3.48    -11.48     -0.18
     -2.34    -11.77     -0.19
     -1.18    -11.94     -0.20
      0.00    -12.00     -0.20
      1.18    -11.94     -0.20
      2.34    -11.77     -0.19
      3.48    -11.48     -0.17
      4.59    -11.09     -0.14
      5.66    -10.58     -0.12
      6.67     -9.98     -0.10
      7.61     -9.28     -0.08
      8.49     -8.49     -0.05
      9.28     -7.61     -0.03
      9.98     -6.67     -0.02
     10.58     -5.66     -0.01
     11.09     -4.59      0.01
     11.48     -3.48      0.02
     11.77     -2.34      0.03
     11.94     -1.18      0.04
     12.00      0.00      0.04
     12.94      1.27      0.07
     12.75      2.54      0.08
     12.44      3.77      0.09
     12.01      4.97      0.10
     11.46      6.13      0.10
     10.81      7.22      0.11
     10.05      8.25      0.11
      9.19      9.19      0.11
      8.25     10.05      0.10
      7.22     10.81      0.10
      6.13     11.46      0.10
      4.97     12.01      0.09
      3.77     12.44      0.09
      2.54     12.75      0.08
      1.27     12.94      0.08
      0.00     13.00      0.07
     -1.27     12.94      0.05
     -2.54     12.75      0.04
     -3.77     12.44      0.02
     -4.97     12.01      0.00
     -6.13     11.46     -0.02
     -7.22     10.81     -0.05
     -8.25     10.05     -0.08
     -9.19      9.19     -0.11
    -10.05      8.25     -0.14
    -10.81      7.22     -0.17
    -11.46      6.13     -0.19
    -12.01      4.97     -0.21
    -12.44      3.77     -0.21
    -12.75      2.54     -0.22
    -12.94      1.27     -0.21
    -13.00      0.00     -0.20
    -12.94     -1.27     -0.19
    -12.75     -2.54     -0.18
    -12.44     -3.77     -0.17
    -12.01     -4.97     -0.15
    -11.46     -6.13     -0.14
    -10.81     -7.22     -0.14
    -10.05     -8.25     -0.14
     -9.19     -9.19     -0.15
     -8.25    -10.05     -0.17
     -7.22    -10.81     -0.19
     -6.13    -11.46     -0.21
     -4.97    -12.01     -0.22
     -3.77    -12.44     -0.23
     -2.54    -12.75     -0.24
     -1.27    -12.94     -0.24
      0.00    -13.00     -0.24
      1.27    -12.94     -0.23
      2.54    -12.75     -0.22
      3.77    -12.44     -0.20
      4.97    -12.01     -0.18
      6.13    -11.47     -0.14
      7.22    -10.81     -0.12
      8.25    -10.05     -0.10
      9.19     -9.19     -0.08
     10.05     -8.25     -0.05
     10.81     -7.22     -0.03
     11.46     -6.13     -0.01
     12.01     -4.97      0.00
     12.44     -3.77      0.02
     12.75     -2.54      0.03
     12.94     -1.27      0.04
     13.00      0.00      0.05
     13.93      1.37      0.08
     13.73      2.73      0.10
     13.40      4.06      0.11
     12.93      5.36      0.12
     12.35      6.60      0.12
     11.64      7.78      0.13
     10.82      8.88      0.13
      9.90      9.90      0.13
      8.88     10.82      0.12
      7.78     11.64      0.12
      6.60     12.35      0.11
      5.36     12.93      0.10
      4.06     13.40      0.10
      2.73     13.73      0.09
      1.37     13.93      0.08
      0.00     14.00      0.07
     -1.37     13.93      0.05
     -2.73     13.73      0.03
     -4.06     13.40      0.02
     -5.36     12.93      0.00
     -6.60     12.35     -0.03
     -7.78     11.64     -0.05
     -8.88     10.82     -0.09
     -9.90      9.90     -0.12
    -10.82      8.88     -0.15
    -11.64      7.78     -0.18
    -12.35      6.60     -0.20
    -12.93      5.36     -0.22
    -13.40      4.06     -0.23
    -13.73      2.73     -0.24
    -13.93      1.37     -0.24
    -14.00      0.00     -0.24
    -13.93     -1.37     -0.23
    -13.73     -2.73     -0.22
    -13.40     -4.06     -0.21
    -12.93     -5.36     -0.20
    -12.35     -6.60     -0.20
    -11.64     -7.78     -0.20
    -10.82     -8.88     -0.20
     -9.90     -9.90     -0.21
     -8.88    -10.82     -0.22
     -7.78    -11.64     -0.23
     -6.60    -12.35     -0.24
     -5.36    -12.93     -0.25
     -4.06    -13.40     -0.26
     -2.73    -13.73     -0.26
     -1.37    -13.93     -0.26
      0.00    -14.00     -0.26
      1.37    -13.93     -0.25
      2.73    -13.73     -0.23
      4.06    -13.40     -0.21
      5.36    -12.93     -0.19
      6.60    -12.35     -0.15
      7.78    -11.64     -0.13
      8.88    -10.82     -0.11
      9.90     -9.90     -0.09
     10.82     -8.88     -0.07
     11.64     -7.78     -0.04
     12.35     -6.60     -0.02
     12.93     -5.36      0.00
     13.40     -4.06      0.01
     13.73     -2.73      0.03
     13.93     -1.37      0.04
     14.00      0.00      0.07
     14.93      1.47      0.09
     14.71      2.93      0.10
     14.35      4.35      0.12
     13.86      5.74      0.13
     13.23      7.07      0.14
     12.47      8.33      0.14
     11.60      9.52      0.14
     10.61     10.61      0.14
      9.52     11.60      0.14
      8.33     12.47      0.13
      7.07     13.23      0.12
      5.74     13.86      0.11
      4.35     14.35      0.10
      2.93     14.71      0.09
      1.47     14.93      0.08
      0.00     15.00      0.05
     -1.47     14.93      0.04
     -2.93     14.71      0.03
     -4.35     14.35      0.01
     -5.74     13.86     -0.01
     -7.07     13.23     -0.03
     -8.33     12.47     -0.05
     -9.52     11.60     -0.09
    -10.61     10.61     -0.12
    -11.60      9.52     -0.14
    -12.47      8.33     -0.18
    -13.23      7.07     -0.20
    -13.86      5.74     -0.22
    -14.35      4.35     -0.23
    -14.71      2.93     -0.24
    -14.93      1.47     -0.24
    -15.00      0.00     -0.24
    -14.93     -1.47     -0.24
    -14.71     -2.93     -0.23
    -14.35     -4.35     -0.23
    -13.86     -5.74     -0.22
    -13.23     -7.07     -0.22
    -12.47     -8.33     -0.22
    -11.60     -9.52     -0.22
    -10.61    -10.61     -0.23
     -9.52    -11.60     -0.23
     -8.33    -12.47     -0.24
     -7.07    -13.23     -0.25
     -5.74    -13.86     -0.26
     -4.35    -14.35     -0.26
     -2.93    -14.71     -0.26
     -1.47    -14.93     -0.26
      0.00    -15.00     -0.25
      1.47    -14.93     -0.24
      2.93    -14.71     -0.23
      4.35    -14.35     -0.21
      5.74    -13.86     -0.19
      7.07    -13.23     -0.17
      8.33    -12.47     -0.13
      9.52    -11.60     -0.11
     10.61    -10.61     -0.09
     11.60     -9.52     -0.08
     12.47     -8.33     -0.05
     13.23     -7.07     -0.03
     13.86     -5.74     -0.01
     14.35     -4.35      0.01
     14.71     -2.93      0.02
     14.93     -1.47      0.04
     15.00      0.00      0.07
     15.92      1.57      0.09
     15.69      3.12      0.11
     15.31      4.64      0.12
     14.78      6.12      0.13
     14.11      7.54      0.14
     13.30      8.89      0.15
     12.37     10.15      0.15
     11.31     11.31      0.14
     10.15     12.37      0.14
      8.89     13.30      0.13
      7.54     14.11      0.12
      6.12     14.78      0.10
      4.64     15.31      0.09
      3.12     15.69      0.08
      1.57     15.92      0.05
      0.00     16.00      0.04
     -1.57     15.92      0.03
     -3.12     15.69      0.01
     -4.64     15.31      0.00
     -6.12     14.78     -0.02
     -7.54     14.11     -0.03
     -8.89     13.30     -0.05
    -10.15     12.37     -0.08
    -11.31     11.31     -0.11
    -12.37     10.15     -0.13
    -13.30      8.89     -0.15
    -14.11      7.54     -0.18
    -14.78      6.12     -0.19
    -15.31      4.64     -0.21
    -15.69      3.12     -0.21
    -15.92      1.57     -0.22
    -16.00      0.00     -0.22
    -15.92     -1.57     -0.22
    -15.69     -3.12     -0.22
    -15.31     -4.64     -0.22
    -14.78     -6.12     -0.21
    -14.11     -7.54     -0.21
    -13.30     -8.89     -0.21
    -12.37    -10.15     -0.22
    -11.31    -11.31     -0.22
    -10.15    -12.37     -0.22
     -8.89    -13.30     -0.23
     -7.54    -14.11     -0.24
     -6.12    -14.78     -0.24
     -4.64    -15.31     -0.24
     -3.12    -15.69     -0.24
     -1.57    -15.92     -0.24
      0.00    -16.00     -0.23
      1.57    -15.92     -0.22
      3.12    -15.69     -0.21
      4.64    -15.31     -0.19
      6.12    -14.78     -0.18
      7.54    -14.11     -0.15
      8.89    -13.30     -0.13
     10.15    -12.37     -0.12
     11.31    -11.31     -0.10
     12.37    -10.15     -0.09
     13.30     -8.89     -0.07
     14.11     -7.54     -0.04
     14.78     -6.12     -0.02
     15.31     -4.64      0.00
     15.69     -3.12      0.01
     15.92     -1.57      0.04
     16.00      0.00      0.07
     16.92      1.67      0.08
     16.67      3.32      0.10
     16.27      4.93      0.13
     15.71      6.51      0.14
     14.99      8.01      0.14
     14.13      9.44      0.15
     13.14     10.78      0.15
     12.02     12.02      0.14
     10.78     13.14      0.13
      9.44     14.13      0.12
      8.01     14.99      0.11
      6.51     15.71      0.09
      4.93     16.27      0.07
      3.32     16.67      0.05
      1.67     16.92      0.03
      0.00     17.00      0.02
     -1.67     16.92      0.01
     -3.32     16.67      0.00
     -4.93     16.27     -0.02
     -6.51     15.71     -0.03
     -8.01     14.99     -0.04
     -9.44     14.13     -0.05
    -10.78     13.14     -0.08
    -12.02     12.02     -0.09
    -13.14     10.78     -0.11
    -14.13      9.44     -0.12
    -14.99      8.01     -0.13
    -15.71      6.51     -0.15
    -16.27      4.93     -0.17
    -16.67      3.32     -0.18
    -16.92      1.67     -0.18
    -17.00      0.00     -0.18
    -16.92     -1.67     -0.19
    -16.67     -3.32     -0.19
    -16.27     -4.93     -0.19
    -15.71     -6.51     -0.19
    -14.99     -8.01     -0.19
    -14.14     -9.44     -0.19
    -13.14    -10.78     -0.19
    -12.02    -12.02     -0.19
    -10.78    -13.14     -0.19
     -9.44    -14.13     -0.20
     -8.01    -14.99     -0.20
     -6.51    -15.71     -0.20
     -4.93    -16.27     -0.20
     -3.32    -16.67     -0.20
     -1.67    -16.92     -0.20
      0.00    -17.00     -0.19
      1.67    -16.92     -0.19
      3.32    -16.67     -0.18
      4.93    -16.27     -0.17
      6.51    -15.71     -0.15
      8.01    -14.99     -0.14
      9.44    -14.14     -0.13
     10.78    -13.14     -0.12
     12.02    -12.02     -0.11
     13.14    -10.78     -0.09
     14.13     -9.44     -0.08
     14.99     -8.01     -0.05
     15.71     -6.51     -0.04
     16.27     -4.93     -0.02
     16.67     -3.32      0.00
     16.92     -1.67      0.03
     17.00      0.00      0.06
     17.91      1.76      0.07
     17.65      3.51      0.09
     17.22      5.23      0.12
     16.63      6.89      0.13
     15.87      8.49      0.14
     14.97     10.00      0.14
     13.91     11.42      0.13
     12.73     12.73      0.13
     11.42     13.91      0.12
     10.00     14.97      0.10
      8.49     15.87      0.09
      6.89     16.63      0.07
      5.23     17.22      0.04
      3.51     17.65      0.03
      1.76     17.91      0.01
      0.00     18.00      0.00
     -1.76     17.91     -0.01
     -3.51     17.65     -0.02
     -5.23     17.22     -0.03
     -6.89     16.63     -0.04
     -8.49     15.87     -0.05
    -10.00     14.97     -0.05
    -11.42     13.91     -0.07
    -12.73     12.73     -0.08
    -13.91     11.42     -0.08
    -14.97     10.00     -0.09
    -15.87      8.49     -0.10
    -16.63      6.89     -0.11
    -17.22      5.23     -0.11
    -17.65      3.51     -0.12
    -17.91      1.76     -0.12
    -18.00      0.00     -0.13
    -17.91     -1.76     -0.13
    -17.65     -3.51     -0.13
    -17.22     -5.23     -0.13
    -16.63     -6.89     -0.13
    -15.87     -8.49     -0.13
    -14.97    -10.00     -0.13
    -13.91    -11.42     -0.14
    -12.73    -12.73     -0.14
    -11.42    -13.91     -0.14
    -10.00    -14.97     -0.14
     -8.49    -15.87     -0.14
     -6.89    -16.63     -0.14
     -5.23    -17.22     -0.14
     -3.51    -17.65     -0.14
     -1.76    -17.91     -0.14
      0.00    -18.00     -0.14
      1.76    -17.91     -0.13
      3.51    -17.65     -0.13
      5.23    -17.22     -0.13
      6.89    -16.63     -0.13
      8.49    -15.87     -0.12
     10.00    -14.97     -0.12
     11.42    -13.91     -0.11
     12.73    -12.73     -0.11
     13.91    -11.42     -0.10
     14.97    -10.00     -0.09
     15.87     -8.49     -0.08
     16.63     -6.89     -0.05
     17.22     -5.23     -0.03
     17.65     -3.51     -0.01
     17.91     -1.76      0.01
     18.00      0.00      0.05
     18.91      1.86      0.06
     18.63      3.71      0.08
     18.18      5.52      0.10
     17.55      7.27      0.12
     16.76      8.96      0.13
     15.80     10.56      0.13
     14.69     12.05      0.12
     13.44     13.44      0.11
     12.05     14.69      0.10
     10.56     15.80      0.08
      8.96     16.76      0.07
      7.27     17.55      0.04
      5.52     18.18      0.02
      3.71     18.63      0.00
      1.86     18.91     -0.01
      0.00     19.00     -0.03
     -1.86     18.91     -0.03
     -3.71     18.63     -0.04
     -5.52     18.18     -0.05
     -7.27     17.55     -0.05
     -8.96     16.76     -0.05
    -10.56     15.80     -0.05
    -12.05     14.69     -0.05
    -13.44     13.44     -0.05
    -14.69     12.05     -0.05
    -15.80     10.56     -0.05
    -16.76      8.96     -0.05
    -17.55      7.27     -0.05
    -18.18      5.52     -0.05
    -18.63      3.71     -0.07
    -18.91      1.86     -0.07
    -19.00      0.00     -0.07
    -18.91     -1.86     -0.07
    -18.63     -3.71     -0.08
    -18.18     -5.52     -0.08
    -17.55     -7.27     -0.08
    -16.76     -8.96     -0.08
    -15.80    -10.56     -0.08
    -14.69    -12.05     -0.08
    -13.44    -13.43     -0.08
    -12.05    -14.69     -0.08
    -10.56    -15.80     -0.08
     -8.96    -16.76     -0.08
     -7.27    -17.55     -0.08
     -5.52    -18.18     -0.08
     -3.71    -18.63     -0.08
     -1.86    -18.91     -0.09
      0.00    -19.00     -0.09
      1.86    -18.91     -0.09
      3.71    -18.63     -0.09
      5.52    -18.18     -0.10
      7.27    -17.55     -0.10
      8.96    -16.76     -0.10
     10.56    -15.80     -0.11
     12.05    -14.69     -0.11
     13.43    -13.44     -0.11
     14.69    -12.05     -0.10
     15.80    -10.56     -0.09
     16.76     -8.96     -0.08
     17.55     -7.27     -0.07
     18.18     -5.52     -0.05
     18.63     -3.71     -0.02
     18.91     -1.86      0.00
     19.00      0.00      0.02
     19.90      1.96      0.03
     19.62      3.90      0.06
     19.14      5.81      0.08
     18.48      7.65      0.09
     17.64      9.43      0.10
     16.63     11.11      0.10
     15.46     12.69      0.10
     14.14     14.14      0.09
     12.69     15.46      0.08
     11.11     16.63      0.05
      9.43     17.64      0.03
      7.65     18.48      0.01
      5.81     19.14      0.00
      3.90     19.62     -0.02
      1.96     19.90     -0.04
      0.00     20.00     -0.05
     -1.96     19.90     -0.05
     -3.90     19.62     -0.07
     -5.81     19.14     -0.07
     -7.65     18.48     -0.07
     -9.43     17.64     -0.05
    -11.11     16.63     -0.05
    -12.69     15.46     -0.04
    -14.14     14.14     -0.03
    -15.46     12.69     -0.03
    -16.63     11.11     -0.02
    -17.64      9.43     -0.02
    -18.48      7.65     -0.01
    -19.14      5.81     -0.01
    -19.62      3.90     -0.01
    -19.90      1.96     -0.01
    -20.00      0.00     -0.01
    -19.90     -1.96     -0.01
    -19.62     -3.90     -0.01
    -19.14     -5.81     -0.02
    -18.48     -7.65     -0.02
    -17.64     -9.43     -0.02
    -16.63    -11.11     -0.02
    -15.46    -12.69     -0.02
    -14.14    -14.14     -0.02
    -12.69    -15.46     -0.02
    -11.11    -16.63     -0.02
     -9.43    -17.64     -0.02
     -7.65    -18.48     -0.02
     -5.81    -19.14     -0.02
     -3.90    -19.62     -0.02
     -1.96    -19.90     -0.03
      0.00    -20.00     -0.03
      1.96    -19.90     -0.04
      3.90    -19.62     -0.05
      5.81    -19.14     -0.07
      7.65    -18.48     -0.08
      9.43    -17.64     -0.08
     11.11    -16.63     -0.09
     12.69    -15.46     -0.10
     14.14    -14.14     -0.10
     15.46    -12.69     -0.10
     16.63    -11.11     -0.10
     17.64     -9.43     -0.09
     18.48     -7.65     -0.08
     19.14     -5.81     -0.06
     19.62     -3.90     -0.03
     19.90     -1.96     -0.01
     20.00      0.00      0.01
     20.90      2.06      0.03
     20.60      4.10      0.05
     20.10      6.10      0.06
     19.40      8.04      0.07
     18.52      9.90      0.08
     17.46     11.67      0.08
     16.23     13.32      0.08
     14.85     14.85      0.07
     13.32     16.23      0.04
     11.67     17.46      0.03
      9.90     18.52      0.01
      8.04     19.40     -0.01
      6.10     20.10     -0.03
      4.10     20.60     -0.04
      2.06     20.90     -0.05
      0.00     21.00     -0.07
     -2.06     20.90     -0.08
     -4.10     20.60     -0.08
     -6.10     20.10     -0.08
     -8.04     19.40     -0.07
     -9.90     18.52     -0.05
    -11.67     17.46     -0.04
    -13.32     16.23     -0.03
    -14.85     14.85     -0.02
    -16.23     13.32     -0.01
    -17.46     11.67      0.00
    -18.52      9.90      0.01
    -19.40      8.04      0.02
    -20.10      6.10      0.02
    -20.60      4.10      0.03
    -20.90      2.06      0.03
    -21.00      0.00      0.03
    -20.90     -2.06      0.03
    -20.60     -4.10      0.03
    -20.10     -6.10      0.03
    -19.40     -8.04      0.03
    -18.52     -9.90      0.03
    -17.46    -11.67      0.03
    -16.23    -13.32      0.03
    -14.85    -14.85      0.03
    -13.32    -16.23      0.03
    -11.67    -17.46      0.03
     -9.90    -18.52      0.03
     -8.04    -19.40      0.03
     -6.10    -20.10      0.03
     -4.10    -20.60      0.02
     -2.06    -20.90      0.02
      0.00    -21.00      0.01
      2.06    -20.90      0.00
      4.10    -20.60     -0.01
      6.10    -20.10     -0.03
      8.04    -19.40     -0.04
      9.90    -18.52     -0.05
     11.67    -17.46     -0.08
     13.32    -16.23     -0.09
     14.85    -14.85     -0.09
     16.23    -13.32     -0.09
     17.46    -11.67     -0.09
     18.52     -9.90     -0.09
     19.40     -8.04     -0.08
     20.10     -6.10     -0.06
     20.60     -4.10     -0.05
     20.90     -2.06     -0.02
     21.00      0.00      0.00
     21.89      2.16      0.01
     21.58      4.29      0.04
     21.05      6.39      0.05
     20.33      8.42      0.06
     19.40     10.37      0.06
     18.29     12.22      0.06
     17.01     13.96      0.05
     15.56     15.56      0.03
     13.96     17.01      0.02
     12.22     18.29      0.00
     10.37     19.40     -0.01
      8.42     20.33     -0.03
      6.39     21.05     -0.04
      4.29     21.58     -0.07
      2.16     21.89     -0.08
      0.00     22.00     -0.08
     -2.16     21.89     -0.09
     -4.29     21.58     -0.09
     -6.39     21.05     -0.08
     -8.42     20.33     -0.07
    -10.37     19.40     -0.05
    -12.22     18.29     -0.04
    -13.96     17.01     -0.03
    -15.56     15.56     -0.01
    -17.01     13.96      0.00
    -18.29     12.22      0.02
    -19.40     10.37      0.03
    -20.33      8.42      0.04
    -21.05      6.39      0.05
    -21.58      4.29      0.05
    -21.89      2.16      0.07
    -22.00      0.00      0.07
    -21.89     -2.16      0.07
    -21.58     -4.29      0.07
    -21.05     -6.39      0.07
    -20.33     -8.42      0.07
    -19.40    -10.37      0.07
    -18.29    -12.22      0.07
    -17.01    -13.96      0.07
    -15.56    -15.56      0.07
    -13.96    -17.01      0.07
    -12.22    -18.29      0.07
    -10.37    -19.40      0.07
     -8.42    -20.33      0.07
     -6.39    -21.05      0.07
     -4.29    -21.58      0.05
     -2.16    -21.89      0.05
      0.00    -22.00      0.04
      2.16    -21.89      0.02
      4.29    -21.58      0.01
      6.39    -21.05      0.00
      8.42    -20.33     -0.02
     10.37    -19.40     -0.03
     12.22    -18.29     -0.05
     13.96    -17.01     -0.07
     15.56    -15.56     -0.08
     17.01    -13.96     -0.08
     18.29    -12.22     -0.08
     19.40    -10.37     -0.08
     20.33     -8.42     -0.07
     21.05     -6.39     -0.06
     21.58     -4.29     -0.05
     21.89     -2.16     -0.03
     22.00      0.00      0.00
     22.89      2.25      0.00
     22.56      4.49      0.01
     22.01      6.68      0.03
     21.25      8.80      0.04
     20.28     10.84      0.04
     19.12     12.78      0.03
     17.78     14.59      0.02
     16.26     16.26      0.01
     14.59     17.78      0.00
     12.78     19.12     -0.02
     10.84     20.28     -0.03
      8.80     21.25     -0.04
      6.68     22.01     -0.07
      4.49     22.56     -0.08
      2.25     22.89     -0.08
      0.00     23.00     -0.09
     -2.25     22.89     -0.09
     -4.49     22.56     -0.08
     -6.68     22.01     -0.08
     -8.80     21.25     -0.07
    -10.84     20.28     -0.05
    -12.78     19.12     -0.03
    -14.59     17.78     -0.02
    -16.26     16.26      0.00
    -17.78     14.59      0.01
    -19.12     12.78      0.02
    -20.28     10.84      0.04
    -21.25      8.80      0.05
    -22.01      6.68      0.07
    -22.56      4.49      0.07
    -22.89      2.25      0.08
    -23.00      0.00      0.08
    -22.89     -2.25      0.09
    -22.56     -4.49      0.09
    -22.01     -6.68      0.09
    -21.25     -8.80      0.09
    -20.28    -10.84      0.10
    -19.12    -12.78      0.10
    -17.78    -14.59      0.10
    -16.26    -16.26      0.10
    -14.59    -17.78      0.10
    -12.78    -19.12      0.10
    -10.84    -20.28      0.09
     -8.80    -21.25      0.09
     -6.68    -22.01      0.09
     -4.49    -22.56      0.08
     -2.25    -22.89      0.07
      0.00    -23.00      0.05
      2.25    -22.89      0.04
      4.49    -22.56      0.03
      6.68    -22.01      0.01
      8.80    -21.25      0.00
     10.84    -20.28     -0.01
     12.78    -19.12     -0.03
     14.59    -17.78     -0.04
     16.26    -16.26     -0.05
     17.78    -14.59     -0.07
     19.12    -12.78     -0.07
     20.28    -10.84     -0.07
     21.25     -8.80     -0.06
     22.01     -6.68     -0.06
     22.56     -4.49     -0.05
     22.89     -2.25     -0.03
     23.00      0.00     -0.01
     23.88      2.35     -0.01
     23.54      4.68      0.00
     22.97      6.97      0.01
     22.17      9.18      0.01
     21.17     11.31      0.01
     19.96     13.33      0.01
     18.55     15.23      0.00
     16.97     16.97     -0.01
     15.23     18.55     -0.02
     13.33     19.96     -0.03
     11.31     21.17     -0.04
      9.18     22.17     -0.05
      6.97     22.97     -0.07
      4.68     23.54     -0.08
      2.35     23.88     -0.08
      0.00     24.00     -0.08
     -2.35     23.88     -0.08
     -4.68     23.54     -0.08
     -6.97     22.97     -0.07
     -9.18     22.17     -0.05
    -11.31     21.17     -0.03
    -13.33     19.96     -0.02
    -15.23     18.55     -0.01
    -16.97     16.97      0.00
    -18.55     15.23      0.02
    -19.96     13.33      0.03
    -21.17     11.31      0.04
    -22.17      9.18      0.05
    -22.97      6.97      0.05
    -23.54      4.68      0.07
    -23.88      2.35      0.08
    -24.00      0.00      0.08
    -23.88     -2.35      0.09
    -23.54     -4.68      0.09
    -22.97     -6.97      0.10
    -22.17     -9.18      0.10
    -21.17    -11.31      0.10
    -19.96    -13.33      0.10
    -18.55    -15.23      0.10
    -16.97    -16.97      0.10
    -15.23    -18.55      0.10
    -13.33    -19.96      0.10
    -11.31    -21.17      0.10
     -9.18    -22.17      0.09
     -6.97    -22.97      0.09
     -4.68    -23.54      0.08
     -2.35    -23.88      0.08
      0.00    -24.00      0.07
      2.35    -23.88      0.05
      4.68    -23.54      0.04
      6.97    -22.97      0.03
      9.18    -22.17      0.01
     11.31    -21.17      0.00
     13.33    -19.96     -0.01
     15.23    -18.55     -0.02
     16.97    -16.97     -0.03
     18.55    -15.23     -0.05
     19.96    -13.33     -0.05
     21.17    -11.31     -0.05
     22.17     -9.18     -0.05
     22.97     -6.97     -0.05
     23.54     -4.68     -0.04
     23.88     -2.35     -0.03
     24.00      0.00     -0.01
     24.88      2.45     -0.01
     24.52      4.88     -0.01
     23.92      7.26      0.00
     23.10      9.57      0.00
     22.05     11.78      0.00
     20.79     13.89     -0.01
     19.33     15.86     -0.01
     17.68     17.68     -0.02
     15.86     19.33     -0.03
     13.89     20.79     -0.05
     11.78     22.05     -0.05
      9.57     23.10     -0.07
      7.26     23.92     -0.07
      4.88     24.52     -0.08
      2.45     24.88     -0.08
      0.00     25.00     -0.07
     -2.45     24.88     -0.07
     -4.88     24.52     -0.05
     -7.26     23.92     -0.04
     -9.57     23.10     -0.03
    -11.78     22.05     -0.02
    -13.89     20.79     -0.01
    -15.86     19.33      0.00
    -17.68     17.68      0.01
    -19.33     15.86      0.02
    -20.79     13.89      0.02
    -22.05     11.78      0.03
    -23.10      9.57      0.04
    -23.92      7.26      0.04
    -24.52      4.88      0.05
    -24.88      2.45      0.07
    -25.00      0.00      0.07
    -24.88     -2.45      0.08
    -24.52     -4.88      0.08
    -23.92     -7.26      0.09
    -23.10     -9.57      0.09
    -22.05    -11.78      0.10
    -20.79    -13.89      0.10
    -19.33    -15.86      0.10
    -17.68    -17.68      0.10
    -15.86    -19.33      0.10
    -13.89    -20.79      0.09
    -11.78    -22.05      0.09
     -9.57    -23.10      0.09
     -7.26    -23.92      0.08
     -4.88    -24.52      0.08
     -2.45    -24.88      0.07
      0.00    -25.00      0.05
      2.45    -24.88      0.05
      4.88    -24.52      0.04
      7.26    -23.92      0.03
      9.57    -23.10      0.02
     11.78    -22.05      0.02
     13.89    -20.79      0.01
     15.86    -19.33      0.00
     17.68    -17.68     -0.01
     19.33    -15.86     -0.02
     20.79    -13.89     -0.02
     22.05    -11.79     -0.04
     23.10     -9.57     -0.04
     23.92     -7.26     -0.04
     24.52     -4.88     -0.04
     24.88     -2.45     -0.03
     25.00      0.00     -0.03
     25.87      2.55     -0.03
     25.50      5.07     -0.03
     24.88      7.55     -0.03
     24.02      9.95     -0.03
     22.93     12.26     -0.03
     21.62     14.44     -0.03
     20.10     16.49     -0.04
     18.38     18.38     -0.03
     16.49     20.10     -0.05
     14.44     21.62     -0.06
     12.26     22.93     -0.05
      9.95     24.02     -0.07
      7.55     24.88     -0.07
      5.07     25.50     -0.07
      2.55     25.87     -0.07
      0.00     26.00     -0.05
     -2.55     25.87     -0.04
     -5.07     25.50     -0.04
     -7.55     24.88     -0.03
     -9.95     24.02     -0.02
    -12.26     22.93     -0.01
    -14.44     21.62      0.00
    -16.49     20.10      0.01
    -18.38     18.38      0.01
    -20.10     16.49      0.02
    -21.62     14.44      0.02
    -22.93     12.26      0.02
    -24.02      9.95      0.02
    -24.88      7.55      0.03
    -25.50      5.07      0.03
    -25.87      2.55      0.04
    -26.00      0.00      0.04
    -25.87     -2.55      0.05
    -25.50     -5.07      0.07
    -24.88     -7.55      0.07
    -24.02     -9.95      0.08
    -22.93    -12.26      0.08
    -21.62    -14.44      0.08
    -20.10    -16.49      0.08
    -18.38    -18.38      0.08
    -16.49    -20.10      0.08
    -14.44    -21.62      0.08
    -12.26    -22.93      0.07
     -9.95    -24.02      0.07
     -7.55    -24.88      0.05
     -5.07    -25.50      0.05
     -2.55    -25.87      0.05
      0.00    -26.00      0.04
      2.55    -25.87      0.04
      5.07    -25.50      0.04
      7.55    -24.88      0.04
      9.95    -24.02      0.03
     12.26    -22.93      0.03
     14.44    -21.62      0.02
     16.49    -20.10      0.01
     18.38    -18.38      0.01
     20.10    -16.49      0.00
     21.62    -14.44     -0.01
     22.93    -12.26     -0.01
     24.02     -9.95     -0.03
     24.88     -7.55     -0.03
     25.50     -5.07     -0.03
     25.87     -2.55     -0.03
     26.00      0.00     -0.03
     26.87      2.65     -0.03
     26.48      5.27     -0.02
     25.84      7.84     -0.04
     24.94     10.33     -0.04
     23.81     12.73     -0.04
     22.45     15.00     -0.04
     20.87     17.13     -0.04
     19.09     19.09     -0.05
     17.13     20.87     -0.05
     15.00     22.45     -0.06
     12.73     23.81     -0.05
     10.33     24.94     -0.05
      7.84     25.84     -0.05
      5.27     26.48     -0.05
      2.65     26.87     -0.04
      0.00     27.00     -0.04
     -2.65     26.87     -0.03
     -5.27     26.48     -0.02
     -7.84     25.84     -0.01
    -10.33     24.94      0.00
    -12.73     23.81      0.01
    -15.00     22.45      0.01
    -17.13     20.87      0.01
    -19.09     19.09      0.01
    -20.87     17.13      0.01
    -22.45     15.00      0.01
    -23.81     12.73      0.01
    -24.94     10.33      0.01
    -25.84      7.84      0.01
    -26.48      5.27      0.01
    -26.87      2.65      0.02
    -27.00      0.00      0.02
    -26.87     -2.65      0.03
    -26.48     -5.27      0.03
    -25.84     -7.84      0.04
    -24.94    -10.33      0.04
    -23.81    -12.73      0.05
    -22.45    -15.00      0.05
    -20.87    -17.13      0.05
    -19.09    -19.09      0.05
    -17.13    -20.87      0.05
    -15.00    -22.45      0.04
    -12.73    -23.81      0.04
    -10.33    -24.94      0.03
     -7.84    -25.84      0.03
     -5.27    -26.48      0.03
     -2.65    -26.87      0.03
      0.00    -27.00      0.03
      2.65    -26.87      0.03
      5.27    -26.48      0.03
      7.84    -25.84      0.03
     10.33    -24.94      0.03
     12.73    -23.81      0.03
     15.00    -22.45      0.03
     17.13    -20.87      0.03
     19.09    -19.09      0.02
     20.87    -17.13      0.02
     22.45    -15.00      0.01
     23.81    -12.73      0.00
     24.94    -10.33     -0.01
     25.84     -7.84     -0.01
     26.48     -5.27     -0.03
     26.87     -2.65     -0.03
     27.00      0.00     -0.02
     27.87      2.74     -0.04
     27.46      5.46     -0.04
     26.79      8.13     -0.04
     25.87     10.72     -0.04
     24.69     13.20     -0.04
     23.28     15.56     -0.05
     21.64     17.76     -0.05
     19.80     19.80     -0.05
     17.76     21.64     -0.05
     15.56     23.28     -0.05
     13.20     24.69     -0.05
     10.72     25.87     -0.04
      8.13     26.79     -0.04
      5.46     27.46     -0.03
      2.74     27.87     -0.03
      0.00     28.00     -0.02
     -2.74     27.87     -0.01
     -5.46     27.46      0.00
     -8.13     26.79      0.01
    -10.72     25.87      0.01
    -13.20     24.69      0.02
    -15.56     23.28      0.02
    -17.76     21.64      0.02
    -19.80     19.80      0.02
    -21.64     17.76      0.01
    -23.28     15.56      0.01
    -24.69     13.20      0.00
    -25.87     10.72      0.00
    -26.79      8.13      0.00
    -27.46      5.46      0.00
    -27.87      2.74      0.00
    -28.00      0.00      0.00
    -27.87     -2.74      0.00
    -27.46     -5.46      0.01
    -26.79     -8.13      0.01
    -25.87    -10.72      0.02
    -24.69    -13.20      0.02
    -23.28    -15.56      0.03
    -21.64    -17.76      0.03
    -19.80    -19.80      0.02
    -17.76    -21.64      0.02
    -15.56    -23.28      0.02
    -13.20    -24.69      0.01
    -10.72    -25.87      0.01
     -8.13    -26.79      0.01
     -5.46    -27.46      0.01
     -2.74    -27.87      0.01
      0.00    -28.00      0.01
      2.74    -27.87      0.02
      5.46    -27.46      0.02
      8.13    -26.79      0.03
     10.72    -25.87      0.03
     13.20    -24.69      0.04
     15.56    -23.28      0.04
     17.76    -21.64      0.05
     19.80    -19.80      0.03
     21.64    -17.76      0.03
     23.28    -15.56      0.03
     24.69    -13.20      0.01
     25.87    -10.72      0.00
     26.79     -8.13     -0.01
     27.46     -5.46     -0.01
     27.87     -2.74     -0.03
     28.00      0.00     -0.04
     28.86      2.84     -0.04
     28.44      5.66     -0.05
     27.75      8.42     -0.05
     26.79     11.10     -0.05
     25.58     13.67     -0.05
     24.11     16.11     -0.05
     22.42     18.40     -0.05
     20.51     20.51     -0.05
     18.40     22.42     -0.05
     16.11     24.11     -0.05
     13.67     25.58     -0.03
     11.10     26.79     -0.03
      8.42     27.75     -0.03
      5.66     28.44     -0.02
      2.84     28.86     -0.01
      0.00     29.00     -0.01
     -2.84     28.86      0.00
     -5.66     28.44      0.01
     -8.42     27.75      0.02
    -11.10     26.79      0.02
    -13.67     25.58      0.02
    -16.11     24.11      0.02
    -18.40     22.42      0.02
    -20.51     20.51      0.02
    -22.42     18.40      0.01
    -24.11     16.11      0.01
    -25.58     13.67      0.00
    -26.79     11.10     -0.01
    -27.75      8.42     -0.01
    -28.44      5.66     -0.02
    -28.86      2.84     -0.02
    -29.00      0.00     -0.02
    -28.86     -2.84     -0.01
    -28.44     -5.66     -0.01
    -27.75     -8.42      0.00
    -26.79    -11.10      0.00
    -25.58    -13.67      0.00
    -24.11    -16.11      0.00
    -22.42    -18.40      0.00
    -20.51    -20.51      0.00
    -18.40    -22.42      0.00
    -16.11    -24.11      0.00
    -13.67    -25.58     -0.01
    -11.10    -26.79     -0.01
     -8.42    -27.75     -0.01
     -5.66    -28.44     -0.01
     -2.84    -28.86     -0.01
      0.00    -29.00      0.00
      2.84    -28.86      0.01
      5.66    -28.44      0.01
      8.42    -27.75      0.02
     11.10    -26.79      0.03
     13.67    -25.58      0.03
     16.11    -24.11      0.04
     18.40    -22.42      0.05
     20.51    -20.51      0.05
     22.42    -18.40      0.04
     24.11    -16.11      0.03
     25.58    -13.67      0.01
     26.79    -11.10      0.01
     27.75     -8.42      0.00
     28.44     -5.66     -0.01
     28.86     -2.84     -0.03
     29.00      0.00     -0.04
     29.86      2.94     -0.04
     29.42      5.85     -0.05
     28.71      8.71     -0.05
     27.72     11.48     -0.05
     26.46     14.14     -0.05
     24.94     16.67     -0.05
     23.19     19.03     -0.04
     21.21     21.21     -0.04
     19.03     23.19     -0.04
     16.67     24.94     -0.03
     14.14     26.46     -0.02
     11.48     27.72     -0.02
      8.71     28.71     -0.01
      5.85     29.42     -0.01
      2.94     29.86      0.00
      0.00     30.00      0.00
     -2.94     29.86      0.01
     -5.85     29.42      0.02
     -8.71     28.71      0.02
    -11.48     27.72      0.03
    -14.14     26.46      0.03
    -16.67     24.94      0.03
    -19.03     23.19      0.02
    -21.21     21.21      0.02
    -23.19     19.03      0.01
    -24.94     16.67      0.01
    -26.46     14.14      0.00
    -27.72     11.48     -0.01
    -28.71      8.71     -0.02
    -29.42      5.85     -0.02
    -29.86      2.94     -0.02
    -30.00      0.00     -0.02
    -29.86     -2.94     -0.02
    -29.42     -5.85     -0.02
    -28.71     -8.71     -0.02
    -27.72    -11.48     -0.02
    -26.46    -14.14     -0.01
    -24.94    -16.67     -0.01
    -23.19    -19.03     -0.01
    -21.21    -21.21     -0.01
    -19.03    -23.19     -0.02
    -16.67    -24.94     -0.02
    -14.14    -26.46     -0.02
    -11.48    -27.72     -0.02
     -8.71    -28.71     -0.02
     -5.85    -29.42     -0.02
     -2.94    -29.86     -0.02
      0.00    -30.00     -0.01
      2.94    -29.86      0.00
      5.85    -29.42      0.01
      8.71    -28.71      0.01
     11.48    -27.72      0.02
     14.14    -26.46      0.03
     16.67    -24.94      0.03
     19.03    -23.19      0.05
     21.21    -21.21      0.03
     23.19    -19.03      0.04
     24.94    -16.67      0.03
     26.46    -14.14      0.03
     27.72    -11.48      0.01
     28.71     -8.71      0.00
     29.42     -5.85     -0.01
     29.86     -2.94     -0.03
     30.00      0.00     -0.04
     30.85      3.04     -0.04
     30.40      6.05     -0.05
     29.67      9.00     -0.05
     28.64     11.86     -0.05
     27.34     14.61     -0.05
     25.78     17.22     -0.04
     23.96     19.67     -0.04
     21.92     21.92     -0.04
     19.67     23.96     -0.03
     17.22     25.78     -0.03
     14.61     27.34     -0.01
     11.86     28.64     -0.01
      9.00     29.67      0.00
      6.05     30.40      0.00
      3.04     30.85      0.01
      0.00     31.00      0.01
     -3.04     30.85      0.01
     -6.05     30.40      0.02
     -9.00     29.67      0.02
    -11.86     28.64      0.02
    -14.61     27.34      0.03
    -17.22     25.78      0.02
    -19.67     23.96      0.02
    -21.92     21.92      0.02
    -23.96     19.67      0.01
    -25.78     17.22      0.01
    -27.34     14.61      0.00
    -28.64     11.86     -0.01
    -29.67      9.00     -0.01
    -30.40      6.05     -0.02
    -30.85      3.04     -0.02
    -31.00      0.00     -0.02
    -30.85     -3.04     -0.02
    -30.40     -6.05     -0.02
    -29.67     -9.00     -0.02
    -28.64    -11.86     -0.02
    -27.34    -14.61     -0.02
    -25.78    -17.22     -0.02
    -23.96    -19.67     -0.02
    -21.92    -21.92     -0.02
    -19.67    -23.96     -0.03
    -17.22    -25.78     -0.03
    -14.61    -27.34     -0.03
    -11.86    -28.64     -0.03
     -9.00    -29.67     -0.03
     -6.05    -30.40     -0.03
     -3.04    -30.85     -0.02
      0.00    -31.00     -0.02
      3.04    -30.85     -0.01
      6.05    -30.40      0.00
      9.00    -29.67      0.01
     11.86    -28.64      0.01
     14.61    -27.34      0.02
     17.22    -25.78      0.03
     19.67    -23.96      0.03
     21.92    -21.92      0.04
     23.96    -19.67      0.03
     25.78    -17.22      0.03
     27.34    -14.61      0.01
     28.64    -11.86      0.00
     29.67     -9.00     -0.01
     30.40     -6.05     -0.03
     30.85     -3.04     -0.03
     31.00      0.00     -0.04
     31.85      3.14     -0.04
     31.39      6.24     -0.05
     30.62      9.29     -0.05
     29.56     12.25     -0.04
     28.22     15.08     -0.04
     26.61     17.78     -0.04
     24.74     20.30     -0.03
     22.63     22.63     -0.03
     20.30     24.74     -0.01
     17.78     26.61     -0.01
     15.08     28.22      0.00
     12.25     29.56      0.00
      9.29     30.62      0.00
      6.24     31.39      0.01
      3.14     31.85      0.01
      0.00     32.00      0.01
     -3.14     31.85      0.01
     -6.24     31.39      0.02
     -9.29     30.62      0.02
    -12.25     29.56      0.02
    -15.08     28.22      0.02
    -17.78     26.61      0.02
    -20.30     24.74      0.02
    -22.63     22.63      0.02
    -24.74     20.30      0.01
    -26.61     17.78      0.01
    -28.22     15.08      0.01
    -29.56     12.25      0.00
    -30.62      9.29      0.00
    -31.39      6.24     -0.01
    -31.85      3.14     -0.01
    -32.00      0.00     -0.02
    -31.85     -3.14     -0.02
    -31.39     -6.24     -0.02
    -30.62     -9.29     -0.02
    -29.56    -12.25     -0.02
    -28.22    -15.08     -0.02
    -26.61    -17.78     -0.02
    -24.74    -20.30     -0.02
    -22.63    -22.63     -0.03
    -20.30    -24.74     -0.03
    -17.78    -26.61     -0.03
    -15.08    -28.22     -0.03
    -12.25    -29.56     -0.03
     -9.29    -30.62     -0.03
     -6.24    -31.39     -0.02
     -3.14    -31.85     -0.02
      0.00    -32.00     -0.02
      3.14    -31.85     -0.01
      6.24    -31.39     -0.01
      9.29    -30.62      0.00
     12.25    -29.56      0.01
     15.08    -28.22      0.01
     17.78    -26.61      0.02
     20.30    -24.74      0.02
     22.63    -22.63      0.03
     24.74    -20.30      0.03
     26.61    -17.78      0.01
     28.22    -15.08      0.01
     29.56    -12.25      0.00
     30.62     -9.29     -0.01
     31.39     -6.24     -0.03
     31.85     -3.14     -0.03
     32.00      0.00     -0.04
     32.84      3.23     -0.04
     32.37      6.44     -0.04
     31.58      9.58     -0.04
     30.49     12.63     -0.04
     29.10     15.56     -0.04
     27.44     18.33     -0.03
     25.51     20.93     -0.01
     23.33     23.33     -0.01
     20.93     25.51      0.00
     18.33     27.44      0.00
     15.56     29.10      0.00
     12.63     30.49      0.01
      9.58     31.58      0.01
      6.44     32.37      0.01
      3.23     32.84      0.01
      0.00     33.00      0.01
     -3.23     32.84      0.01
     -6.44     32.37      0.01
     -9.58     31.58      0.01
    -12.63     30.49      0.01
    -15.56     29.10      0.01
    -18.33     27.44      0.01
    -20.93     25.51      0.01
    -23.33     23.33      0.02
    -25.51     20.94      0.02
    -27.44     18.33      0.01
    -29.10     15.56      0.01
    -30.49     12.63      0.01
    -31.58      9.58      0.01
    -32.37      6.44      0.00
    -32.84      3.23      0.00
    -33.00      0.00      0.00
    -32.84     -3.23     -0.01
    -32.37     -6.44     -0.01
    -31.58     -9.58     -0.01
    -30.49    -12.63     -0.02
    -29.10    -15.56     -0.02
    -27.44    -18.33     -0.02
    -25.51    -20.93     -0.02
    -23.33    -23.33     -0.02
    -20.94    -25.51     -0.02
    -18.33    -27.44     -0.02
    -15.56    -29.10     -0.02
    -12.63    -30.49     -0.02
     -9.58    -31.58     -0.02
     -6.44    -32.37     -0.02
     -3.23    -32.84     -0.02
      0.00    -33.00     -0.01
      3.23    -32.84     -0.01
      6.44    -32.37     -0.01
      9.58    -31.58      0.00
     12.63    -30.49      0.00
     15.56    -29.10      0.00
     18.33    -27.44      0.00
     20.93    -25.51      0.01
     23.33    -23.33      0.01
     25.51    -20.94      0.00
     27.44    -18.33      0.00
     29.10    -15.56      0.00
     30.49    -12.63     -0.01
     31.58     -9.58     -0.01
     32.37     -6.44     -0.03
     32.84     -3.23     -0.03
     33.00      0.00     -0.04
     33.84      3.33     -0.04
     33.35      6.63     -0.04
     32.54      9.87     -0.03
     31.41     13.01     -0.03
     29.99     16.03     -0.03
     28.27     18.89     -0.01
     26.28     21.57     -0.01
     24.04     24.04      0.00
     21.57     26.28      0.00
     18.89     28.27      0.01
     16.03     29.99      0.01
     13.01     31.41      0.01
      9.87     32.54      0.01
      6.63     33.35      0.01
      3.33     33.84      0.01
      0.00     34.00      0.01
     -3.33     33.84      0.01
     -6.63     33.35      0.00
     -9.87     32.54      0.00
    -13.01     31.41      0.00
    -16.03     29.99      0.00
    -18.89     28.27      0.01
    -21.57     26.28      0.01
    -24.04     24.04      0.01
    -26.28     21.57      0.01
    -28.27     18.89      0.02
    -29.99     16.03      0.02
    -31.41     13.01      0.02
    -32.54      9.87      0.02
    -33.35      6.63      0.02
    -33.84      3.33      0.01
    -34.00      0.00      0.01
    -33.84     -3.33      0.00
    -33.35     -6.63      0.00
    -32.54     -9.87      0.00
    -31.41    -13.01     -0.01
    -29.99    -16.03     -0.01
    -28.27    -18.89     -0.01
    -26.28    -21.57     -0.01
    -24.04    -24.04     -0.01
    -21.57    -26.28     -0.01
    -18.89    -28.27     -0.01
    -16.03    -29.99     -0.01
    -13.01    -31.41     -0.01
     -9.87    -32.54     -0.01
     -6.63    -33.35     -0.01
     -3.33    -33.84     -0.01
      0.00    -34.00     -0.01
      3.33    -33.84     -0.01
      6.63    -33.35     -0.01
      9.87    -32.54     -0.01
     13.01    -31.41     -0.01
     16.03    -29.99     -0.01
     18.89    -28.27     -0.01
     21.57    -26.28     -0.01
     24.04    -24.04     -0.01
     26.28    -21.57     -0.01
     28.27    -18.89     -0.01
     29.99    -16.03     -0.01
     31.41    -13.01     -0.01
     32.54     -9.87     -0.01
     33.35     -6.63     -0.03
     33.84     -3.33     -0.03
     34.00      0.00     -0.03
     34.83      3.43     -0.02
     34.33      6.83     -0.02
     33.49     10.16     -0.02
     32.34     13.39     -0.01
     30.87     16.50     -0.01
     29.10     19.44     -0.01
     27.06     22.20      0.00
     24.75     24.75      0.00
     22.20     27.06      0.01
     19.44     29.10      0.01
     16.50     30.87      0.01
     13.39     32.34      0.02
     10.16     33.49      0.01
      6.83     34.33      0.01
      3.43     34.83      0.01
      0.00     35.00      0.00
     -3.43     34.83      0.00
     -6.83     34.33      0.00
    -10.16     33.49     -0.01
    -13.39     32.34     -0.01
    -16.50     30.87      0.00
    -19.44     29.10      0.00
    -22.20     27.06      0.00
    -24.75     24.75      0.01
    -27.06     22.20      0.01
    -29.10     19.45      0.02
    -30.87     16.50      0.02
    -32.34     13.39      0.03
    -33.49     10.16      0.03
    -34.33      6.83      0.03
    -34.83      3.43      0.02
    -35.00      0.00      0.02
    -34.83     -3.43      0.02
    -34.33     -6.83      0.01
    -33.49    -10.16      0.01
    -32.34    -13.39      0.00
    -30.87    -16.50      0.00
    -29.10    -19.44      0.00
    -27.06    -22.20      0.00
    -24.75    -24.75      0.00
    -22.20    -27.06      0.00
    -19.45    -29.10      0.00
    -16.50    -30.87      0.00
    -13.39    -32.34      0.00
    -10.16    -33.49      0.00
     -6.83    -34.33      0.00
     -3.43    -34.83      0.00
      0.00    -35.00      0.00
      3.43    -34.83      0.00
      6.83    -34.33     -0.01
     10.16    -33.49     -0.01
     13.39    -32.34     -0.01
     16.50    -30.87     -0.01
     19.44    -29.10     -0.01
     22.20    -27.06     -0.01
     24.75    -24.75     -0.01
     27.06    -22.20     -0.01
     29.10    -19.45     -0.01
     30.87    -16.50     -0.01
     32.34    -13.39     -0.01
     33.49    -10.16     -0.01
     34.33     -6.83     -0.03
     34.83     -3.43     -0.02
     35.00      0.00     -0.02
     35.83      3.53     -0.01
     35.31      7.02     -0.01
     34.45     10.45     -0.01
     33.26     13.78     -0.01
     31.75     16.97      0.00
     29.93     20.00      0.00
     27.83     22.84      0.00
     25.46     25.46      0.01
     22.84     27.83      0.01
     20.00     29.93      0.01
     16.97     31.75      0.03
     13.78     33.26      0.02
     10.45     34.45      0.01
      7.02     35.31      0.01
      3.53     35.83      0.01
      0.00     36.00      0.00
     -3.53     35.83      0.00
     -7.02     35.31     -0.01
    -10.45     34.45     -0.01
    -13.78     33.26     -0.01
    -16.97     31.75     -0.01
    -20.00     29.93     -0.01
    -22.84     27.83      0.00
    -25.46     25.46      0.00
    -27.83     22.84      0.01
    -29.93     20.00      0.02
    -31.75     16.97      0.02
    -33.26     13.78      0.03
    -34.45     10.45      0.03
    -35.31      7.02      0.03
    -35.83      3.53      0.03
    -36.00      0.00      0.03
    -35.83     -3.53      0.02
    -35.31     -7.02      0.02
    -34.45    -10.45      0.01
    -33.26    -13.78      0.01
    -31.75    -16.97      0.01
    -29.93    -20.00      0.01
    -27.83    -22.84      0.01
    -25.46    -25.46      0.01
    -22.84    -27.83      0.01
    -20.00    -29.93      0.01
    -16.97    -31.75      0.01
    -13.78    -33.26      0.01
    -10.45    -34.45      0.01
     -7.02    -35.31      0.01
     -3.53    -35.83      0.01
      0.00    -36.00      0.01
      3.53    -35.83      0.00
      7.02    -35.31      0.00
     10.45    -34.45     -0.01
     13.78    -33.26     -0.01
     16.97    -31.75     -0.01
     20.00    -29.93     -0.02
     22.84    -27.83     -0.03
     25.46    -25.46     -0.03
     27.83    -22.84     -0.03
     29.93    -20.00     -0.03
     31.75    -16.97     -0.01
     33.26    -13.78     -0.01
     34.45    -10.45     -0.01
     35.31     -7.02     -0.01
     35.83     -3.53     -0.01
     36.00      0.00     -0.01
     36.82      3.63     -0.01
     36.29      7.22      0.00
     35.41     10.74      0.00
     34.18     14.16      0.00
     32.63     17.44      0.00
     30.76     20.56      0.00
     28.60     23.47      0.01
     26.16     26.16      0.01
     23.47     28.60      0.01
     20.56     30.76      0.01
     17.44     32.63      0.01
     14.16     34.18      0.01
     10.74     35.41      0.01
      7.22     36.29      0.01
      3.63     36.82      0.00
      0.00     37.00      0.00
     -3.63     36.82     -0.01
     -7.22     36.29     -0.01
    -10.74     35.41     -0.01
    -14.16     34.18     -0.01
    -17.44     32.63     -0.01
    -20.56     30.76     -0.01
    -23.47     28.60     -0.01
    -26.16     26.16      0.00
    -28.60     23.47      0.01
    -30.76     20.56      0.01
    -32.63     17.44      0.02
    -34.18     14.16      0.02
    -35.41     10.74      0.03
    -36.29      7.22      0.03
    -36.82      3.63      0.03
    -37.00      0.00      0.03
    -36.82     -3.63      0.02
    -36.29     -7.22      0.02
    -35.41    -10.74      0.02
    -34.18    -14.16      0.01
    -32.63    -17.44      0.01
    -30.76    -20.56      0.01
    -28.60    -23.47      0.01
    -26.16    -26.16      0.01
    -23.47    -28.60      0.02
    -20.56    -30.76      0.02
    -17.44    -32.63      0.02
    -14.16    -34.18      0.02
    -10.74    -35.41      0.02
     -7.22    -36.29      0.02
     -3.63    -36.82      0.01
      0.00    -37.00      0.01
      3.63    -36.82      0.00
      7.22    -36.29      0.00
     10.74    -35.41     -0.01
     14.16    -34.18     -0.01
     17.44    -32.63     -0.01
     20.56    -30.76     -0.02
     23.47    -28.60     -0.03
     26.16    -26.16     -0.03
     28.60    -23.47     -0.03
     30.76    -20.56     -0.03
     32.63    -17.44     -0.01
     34.18    -14.16     -0.01
     35.41    -10.74     -0.01
     36.29     -7.22     -0.01
     36.82     -3.63     -0.01
     37.00      0.00     -0.01
     37.82      3.72      0.00
     37.27      7.41      0.00
     36.36     11.03      0.00
     35.11     14.54      0.00
     33.51     17.91      0.00
     31.60     21.11      0.01
     29.37     24.11      0.01
     26.87     26.87      0.01
     24.11     29.37      0.01
     21.11     31.60      0.01
     17.91     33.51      0.01
     14.54     35.11      0.01
     11.03     36.36      0.01
      7.41     37.27      0.01
      3.72     37.82      0.00
      0.00     38.00      0.00
     -3.72     37.82     -0.01
     -7.41     37.27     -0.01
    -11.03     36.36     -0.01
    -14.54     35.11     -0.01
    -17.91     33.51     -0.01
    -21.11     31.60     -0.01
    -24.11     29.37     -0.01
    -26.87     26.87      0.00
    -29.37     24.11      0.00
    -31.60     21.11      0.01
    -33.51     17.91      0.01
    -35.11     14.54      0.02
    -36.36     11.03      0.02
    -37.27      7.41      0.02
    -37.82      3.72      0.02
    -38.00      0.00      0.02
    -37.82     -3.72      0.02
    -37.27     -7.41      0.02
    -36.36    -11.03      0.01
    -35.11    -14.54      0.01
    -33.51    -17.91      0.01
    -31.60    -21.11      0.01
    -29.37    -24.11      0.01
    -26.87    -26.87      0.01
    -24.11    -29.37      0.02
    -21.11    -31.60      0.02
    -17.91    -33.51      0.02
    -14.54    -35.11      0.02
    -11.03    -36.36      0.02
     -7.41    -37.27      0.02
     -3.72    -37.82      0.02
      0.00    -38.00      0.01
      3.72    -37.82      0.01
      7.41    -37.27      0.00
     11.03    -36.36      0.00
     14.54    -35.11     -0.01
     17.91    -33.51     -0.01
     21.11    -31.60     -0.01
     24.11    -29.37     -0.01
     26.87    -26.87     -0.01
     29.37    -24.11     -0.01
     31.60    -21.11     -0.01
     33.51    -17.91     -0.01
     35.11    -14.54     -0.01
     36.36    -11.03     -0.01
     37.27     -7.41      0.00
     37.82     -3.72      0.00
     38.00      0.00      0.00
     38.81      3.82      0.00
     38.25      7.61      0.00
     37.32     11.32      0.00
     36.03     14.92      0.00
     34.39     18.38      0.00
     32.43     21.67      0.01
     30.15     24.74      0.01
     27.58     27.58      0.01
     24.74     30.15      0.01
     21.67     32.43      0.01
     18.38     34.39      0.01
     14.92     36.03      0.01
     11.32     37.32      0.01
      7.61     38.25      0.01
      3.82     38.81      0.00
      0.00     39.00      0.00
     -3.82     38.81      0.00
     -7.61     38.25      0.00
    -11.32     37.32     -0.01
    -14.92     36.03     -0.01
    -18.38     34.39     -0.01
    -21.67     32.43     -0.01
    -24.74     30.15     -0.01
    -27.58     27.58      0.00
    -30.15     24.74      0.00
    -32.43     21.67      0.00
    -34.39     18.38      0.01
    -36.03     14.92      0.01
    -37.32     11.32      0.01
    -38.25      7.61      0.01
    -38.81      3.82      0.01
    -39.00      0.00      0.01
    -38.81     -3.82      0.01
    -38.25     -7.61      0.01
    -37.32    -11.32      0.01
    -36.03    -14.92      0.01
    -34.39    -18.38      0.01
    -32.43    -21.67      0.01
    -30.15    -24.74      0.01
    -27.58    -27.58      0.01
    -24.74    -30.15      0.01
    -21.67    -32.43      0.01
    -18.38    -34.39      0.02
    -14.92    -36.03      0.02
    -11.32    -37.32      0.02
     -7.61    -38.25      0.01
     -3.82    -38.81      0.01
      0.00    -39.00      0.01
      3.82    -38.81      0.01
      7.61    -38.25      0.00
     11.32    -37.32      0.00
     14.92    -36.03      0.00
     18.38    -34.40      0.00
     21.67    -32.43     -0.01
     24.74    -30.15     -0.01
     27.58    -27.58     -0.01
     30.15    -24.74     -0.01
     32.43    -21.67     -0.01
     34.39    -18.38      0.00
     36.03    -14.92      0.00
     37.32    -11.32      0.00
     38.25     -7.61      0.00
     38.81     -3.82      0.00
     39.00      0.00      0.00
     39.81      3.92      0.00
     39.23      7.80      0.00
     38.28     11.61      0.00
     36.96     15.31      0.00
     35.28     18.86      0.00
     33.26     22.22      0.00
     30.92     25.38      0.00
     28.28     28.28      0.00
     25.38     30.92      0.00
     22.22     33.26      0.00
     18.86     35.28      0.00
     15.31     36.96      0.00
     11.61     38.28      0.00
      7.80     39.23      0.00
      3.92     39.81      0.00
      0.00     40.00      0.00
     -3.92     39.81      0.00
     -7.80     39.23      0.00
    -11.61     38.28      0.00
    -15.31     36.96      0.00
    -18.86     35.28      0.00
    -22.22     33.26      0.00
    -25.38     30.92      0.00
    -28.28     28.28      0.00
    -30.92     25.38      0.00
    -33.26     22.22      0.00
    -35.28     18.86      0.00
    -36.96     15.31      0.00
    -38.28     11.61      0.00
    -39.23      7.80      0.00
    -39.81      3.92      0.00
    -40.00      0.00      0.00
    -39.81     -3.92      0.00
    -39.23     -7.80      0.00
    -38.28    -11.61      0.00
    -36.96    -15.31      0.00
    -35.28    -18.86      0.00
    -33.26    -22.22      0.00
    -30.92    -25.38      0.00
    -28.28    -28.28      0.00
    -25.38    -30.92      0.01
    -22.22    -33.26      0.01
    -18.86    -35.28      0.01
    -15.31    -36.96      0.01
    -11.61    -38.28      0.01
     -7.80    -39.23      0.01
     -3.92    -39.81      0.01
      0.00    -40.00      0.01
      3.92    -39.81      0.01
      7.80    -39.23      0.01
     11.61    -38.28      0.00
     15.31    -36.96      0.00
     18.86    -35.28      0.00
     22.22    -33.26      0.00
     25.38    -30.92      0.00
     28.28    -28.28      0.00
     30.92    -25.38      0.00
     33.26    -22.22      0.00
     35.28    -18.86      0.00
     36.96    -15.31      0.00
     38.28    -11.61      0.00
     39.23     -7.80      0.00
     39.81     -3.92      0.00
     40.00      0.00      0.00
