    0.715    0.742    0.771    0.800    0.829    0.858    0.887    0.915    0.943    0.969    0.994    1.017    1.038    1.058    1.075    1.089    1.101    1.111    1.117    1.121    1.122    1.120    1.115    1.108    1.098    1.085    1.070    1.052    1.033    1.011    0.988    0.963    0.937    0.910    0.882    0.853    0.824    0.795    0.767    0.739    0.712    0.685    0.661    0.638    0.616    0.597    0.580    0.565    0.552    0.543    0.536    0.532    0.530    0.532    0.536    0.543    0.553    0.566    0.581    0.598    0.618    0.640    0.663    0.688
    0.398    0.483    0.571    0.661    0.751    0.842    0.931    1.019    1.103    1.184    1.260    1.331    1.395    1.453    1.502    1.544    1.578    1.602    1.618    1.626    1.625    1.615    1.597    1.570    1.536    1.495    1.447    1.393    1.333    1.267    1.197    1.122    1.043    0.962    0.878    0.792    0.705    0.618    0.532    0.447    0.365    0.286    0.211    0.140    0.075    0.016   -0.036   -0.080   -0.117   -0.146   -0.165   -0.177   -0.179   -0.173   -0.159   -0.135   -0.103   -0.063   -0.016    0.039    0.099    0.166    0.239    0.316
    0.046    0.198    0.355    0.514    0.674    0.833    0.989    1.142    1.290    1.429    1.560    1.680    1.787    1.881    1.960    2.024    2.071    2.101    2.115    2.113    2.097    2.066    2.021    1.962    1.893    1.811    1.720    1.619    1.509    1.391    1.267    1.135    0.998    0.857    0.712    0.564    0.414    0.264    0.115   -0.031   -0.173   -0.309   -0.437   -0.556   -0.664   -0.761   -0.846   -0.916   -0.971   -1.013   -1.039   -1.050   -1.045   -1.024   -0.988   -0.938   -0.872   -0.794   -0.705   -0.604   -0.493   -0.371   -0.239   -0.100
   -0.285   -0.055    0.180    0.419    0.658    0.896    1.128    1.354    1.570    1.775    1.963    2.133    2.283    2.408    2.509    2.586    2.637    2.661    2.658    2.631    2.580    2.508    2.418    2.311    2.188    2.051    1.902    1.741    1.571    1.391    1.200    1.000    0.793    0.580    0.363    0.142   -0.080   -0.303   -0.524   -0.742   -0.951   -1.149   -1.334   -1.504   -1.657   -1.792   -1.906   -1.997   -2.064   -2.106   -2.124   -2.118   -2.088   -2.036   -1.963   -1.868   -1.752   -1.619   -1.469   -1.303   -1.123   -0.930   -0.724   -0.509
   -0.547   -0.223    0.104    0.433    0.760    1.085    1.401    1.708    2.001    2.276    2.526    2.747    2.934    3.086    3.202    3.280    3.318    3.316    3.279    3.207    3.103    2.970    2.813    2.637    2.442    2.232    2.009    1.775    1.530    1.273    1.005    0.726    0.440    0.145   -0.157   -0.465   -0.777   -1.088   -1.396   -1.697   -1.986   -2.255   -2.505   -2.731   -2.929   -3.098   -3.237   -3.342   -3.411   -3.443   -3.436   -3.396   -3.320   -3.216   -3.081   -2.917   -2.731   -2.518   -2.286   -2.032   -1.762   -1.474   -1.174   -0.863
   -0.701   -0.264    0.173    0.608    1.038    1.462    1.870    2.264    2.635    2.979    3.286    3.554    3.776    3.947    4.064    4.125    4.133    4.088    3.992    3.852    3.673    3.458    3.216    2.949    2.666    2.368    2.057    1.735    1.402    1.061    0.705    0.337   -0.042   -0.432   -0.833   -1.243   -1.658   -2.077   -2.487   -2.886   -3.264   -3.619   -3.941   -4.227   -4.473   -4.677   -4.836   -4.943   -5.001   -5.007   -4.961   -4.870   -4.729   -4.549   -4.329   -4.075   -3.791   -3.475   -3.134   -2.770   -2.382   -1.977   -1.561   -1.135
   -0.721   -0.153    0.410    0.966    1.513    2.042    2.554    3.042    3.492    3.901    4.257    4.561    4.803    4.976    5.078    5.108    5.066    4.955    4.785    4.556    4.280    3.965    3.622    3.254    2.871    2.473    2.062    1.644    1.216    0.778    0.326   -0.141   -0.624   -1.121   -1.632   -2.155   -2.689   -3.227   -3.756   -4.264   -4.748   -5.196   -5.598   -5.947   -6.238   -6.470   -6.641   -6.747   -6.785   -6.752   -6.655   -6.493   -6.273   -6.007   -5.687   -5.322   -4.914   -4.468   -3.989   -3.486   -2.956   -2.407   -1.849   -1.288
   -0.581    0.135    0.840    1.530    2.198    2.841    3.454    4.030    4.553    5.019    5.418    5.743    5.991    6.147    6.212    6.186    6.076    5.883    5.621    5.290    4.906    4.481    4.025    3.546    3.052    2.548    2.036    1.520    0.994    0.459   -0.090   -0.659   -1.247   -1.858   -2.488   -3.136   -3.800   -4.467   -5.124   -5.758   -6.354   -6.902   -7.394   -7.811   -8.150   -8.408   -8.583   -8.675   -8.684   -8.605   -8.444   -8.210   -7.901   -7.529   -7.093   -6.599   -6.054   -5.461   -4.827   -4.159   -3.462   -2.744   -2.026   -1.303
   -0.280    0.600    1.463    2.291    3.088    3.845    4.555    5.212    5.800    6.309    6.728    7.051    7.274    7.390    7.399    7.307    7.109    6.821    6.449    6.006    5.503    4.963    4.391    3.801    3.203    2.600    1.993    1.383    0.767    0.139   -0.504   -1.173   -1.865   -2.590   -3.341   -4.124   -4.921   -5.722   -6.511   -7.275   -7.989   -8.640   -9.219   -9.705  -10.096  -10.379  -10.561  -10.641  -10.610  -10.481  -10.257   -9.941   -9.539   -9.056   -8.501   -7.872   -7.174   -6.416   -5.612   -4.762   -3.884   -2.981   -2.075   -1.173
    0.159    1.222    2.249    3.222    4.147    5.019    5.816    6.541    7.175    7.705    8.123    8.422    8.603    8.653    8.579    8.387    8.086    7.684    7.197    6.634    6.018    5.367    4.695    4.013    3.320    2.625    1.932    1.245    0.555   -0.148   -0.875   -1.633   -2.426   -3.258   -4.130   -5.037   -5.964   -6.899   -7.823   -8.713   -9.544  -10.301  -10.964  -11.516  -11.952  -12.266  -12.456  -12.517  -12.460  -12.282  -11.998  -11.603  -11.110  -10.517   -9.841   -9.080   -8.234   -7.314   -6.333   -5.299   -4.226   -3.126   -2.018   -0.921
    0.714    1.962    3.157    4.284    5.334    6.299    7.174    7.953    8.613    9.141    9.536    9.784    9.890    9.846    9.660    9.346    8.921    8.397    7.796    7.125    6.409    5.666    4.911    4.148    3.380    2.618    1.865    1.119    0.377   -0.383   -1.172   -2.006   -2.883   -3.815   -4.796   -5.813   -6.866   -7.921   -8.965   -9.976  -10.919  -11.772  -12.509  -13.126  -13.605  -13.952  -14.148  -14.200  -14.122  -13.904  -13.570  -13.113  -12.543  -11.857  -11.070  -10.187   -9.200   -8.120   -6.971   -5.752   -4.489   -3.187   -1.876   -0.571
    1.318    2.751    4.113    5.390    6.561    7.619    8.568    9.386   10.050   10.547   10.876   11.041   11.036   10.867   10.548   10.109    9.558    8.913    8.203    7.436    6.635    5.816    5.002    4.185    3.379    2.577    1.792    1.016    0.245   -0.551   -1.380   -2.264   -3.208   -4.218   -5.289   -6.403   -7.558   -8.715   -9.862  -10.970  -12.002  -12.937  -13.750  -14.421  -14.951  -15.321  -15.536  -15.583  -15.490  -15.255  -14.879  -14.378  -13.758  -12.999  -12.128  -11.140  -10.036   -8.814   -7.510   -6.124   -4.680   -3.196   -1.681   -0.172
    1.930    3.545    5.069    6.475    7.759    8.901    9.906   10.743   11.391   11.824   12.061   12.101   11.958   11.647   11.186   10.608    9.936    9.187    8.380    7.535    6.666    5.800    4.957    4.121    3.305    2.499    1.712    0.935    0.160   -0.644   -1.490   -2.398   -3.382   -4.446   -5.572   -6.759   -7.991   -9.230  -10.450  -11.626  -12.730  -13.730  -14.601  -15.323  -15.890  -16.289  -16.526  -16.582  -16.495  -16.261  -15.872  -15.344  -14.687  -13.886  -12.960  -11.899  -10.708   -9.381   -7.954   -6.425   -4.826   -3.165   -1.461    0.250
    2.492    4.260    5.925    7.454    8.830   10.043   11.088   11.922   12.532   12.896   13.018   12.910   12.615   12.145   11.537   10.825   10.040    9.193    8.312    7.415    6.514    5.632    4.789    3.964    3.165    2.390    1.630    0.878    0.121   -0.666   -1.496   -2.402   -3.401   -4.486   -5.645   -6.867   -8.137   -9.423  -10.682  -11.899  -13.045  -14.090  -15.000  -15.768  -16.373  -16.806  -17.064  -17.143  -17.077  -16.859  -16.484  -15.964  -15.299  -14.485  -13.534  -12.448  -11.201   -9.806   -8.287   -6.654   -4.934   -3.122   -1.249    0.643
    2.913    4.808    6.594    8.216    9.683   10.965   12.034   12.867   13.419   13.696   13.689   13.432   12.974   12.347   11.594   10.750    9.862    8.941    8.013    7.088    6.190    5.325    4.511    3.728    2.983    2.263    1.555    0.855    0.148   -0.602   -1.406   -2.283   -3.264   -4.339   -5.494   -6.719   -7.997   -9.285  -10.549  -11.787  -12.947  -14.009  -14.947  -15.738  -16.376  -16.850  -17.143  -17.253  -17.223  -17.038  -16.704  -16.208  -15.571  -14.776  -13.835  -12.756  -11.496  -10.069   -8.511   -6.822   -5.017   -3.101   -1.103    0.924
    3.132    5.123    6.993    8.695   10.223   11.545   12.646   13.500   14.011   14.198   14.070   13.663   13.050   12.266   11.372   10.414    9.436    8.462    7.513    6.599    5.725    4.910    4.152    3.440    2.772    2.128    1.494    0.869    0.225   -0.472   -1.230   -2.056   -2.991   -4.022   -5.142   -6.333   -7.576   -8.836  -10.080  -11.305  -12.451  -13.518  -14.465  -15.270  -15.932  -16.440  -16.775  -16.930  -16.951  -16.830  -16.555  -16.114  -15.526  -14.774  -13.867  -12.818  -11.577  -10.177   -8.635   -6.938   -5.106   -3.138   -1.060    1.055
    3.106    5.138    7.050    8.793   10.356   11.718   12.866   13.770   14.287   14.403   14.161   13.621   12.860   11.936   10.922    9.871    8.822    7.820    6.872    5.990    5.173    4.428    3.747    3.121    2.550    2.004    1.457    0.910    0.338   -0.287   -0.982   -1.749   -2.611   -3.567   -4.621   -5.745   -6.924   -8.119   -9.314  -10.502  -11.617  -12.664  -13.605  -14.415  -15.092  -15.631  -16.016  -16.228  -16.315  -16.271  -16.076  -15.721  -15.208  -14.532  -13.678  -12.672  -11.461  -10.117   -8.640   -7.009   -5.207   -3.241   -1.158    0.993
    2.791    4.814    6.724    8.478   10.049   11.430   12.648   13.709   14.260   14.335   13.998   13.336   12.448   11.398   10.283    9.155    8.070    7.062    6.134    5.305    4.559    3.904    3.322    2.798    2.328    1.882    1.430    0.963    0.467   -0.081   -0.694   -1.376   -2.152   -3.018   -3.980   -5.008   -6.094   -7.207   -8.332   -9.453  -10.519  -11.526  -12.445  -13.251  -13.939  -14.502  -14.932  -15.214  -15.379  -15.431  -15.333  -15.081  -14.667  -14.092  -13.313  -12.366  -11.177   -9.910   -8.538   -7.022   -5.332   -3.448   -1.417    0.697
    2.180    4.145    6.005    7.721    9.276   10.676   11.980   13.336   13.949   13.996   13.591   12.834   11.836   10.690    9.492    8.324    7.217    6.224    5.346    4.593    3.934    3.376    2.897    2.474    2.112    1.770    1.408    1.018    0.600    0.131   -0.397   -0.987   -1.660   -2.421   -3.272   -4.188   -5.163   -6.174   -7.202   -8.241   -9.245  -10.203  -11.089  -11.873  -12.565  -13.147  -13.616  -13.963  -14.216  -14.363  -14.380  -14.248  -13.955  -13.497  -12.825  -11.944  -10.747   -9.582   -8.347   -6.987   -5.456   -3.731   -1.838    0.163
    1.591    3.498    5.309    6.986    8.513    9.914   11.257   12.736   13.387   13.413   12.956   12.120   11.045    9.837    8.592    7.407    6.309    5.353    4.541    3.871    3.316    2.864    2.496    2.176    1.913    1.665    1.391    1.072    0.735    0.346   -0.100   -0.591   -1.165   -1.827   -2.557   -3.354   -4.202   -5.103   -6.026   -6.965   -7.892   -8.790   -9.635  -10.392  -11.073  -11.668  -12.167  -12.581  -12.906  -13.143  -13.276  -13.267  -13.115  -12.790  -12.250  -11.462  -10.346   -9.287   -8.181   -6.963   -5.580   -4.004   -2.241   -0.349
    1.017    2.866    4.627    6.257    7.748    9.126   10.462   11.966   12.609   12.604   12.100   11.224   10.101    8.873    7.615    6.441    5.393    4.495    3.770    3.187    2.741    2.402    2.141    1.921    1.750    1.586    1.383    1.126    0.858    0.547    0.176   -0.232   -0.710   -1.264   -1.880   -2.555   -3.285   -4.070   -4.880   -5.718   -6.559   -7.383   -8.172   -8.902   -9.573  -10.162  -10.678  -11.122  -11.505  -11.819  -12.062  -12.177  -12.176  -11.997  -11.601  -10.950   -9.956   -9.011   -8.030   -6.945   -5.701   -4.265   -2.630   -0.843
    0.459    2.246    3.952    5.530    6.972    8.307    9.612   11.058   11.665   11.616   11.066   10.171    9.064    7.855    6.622    5.505    4.530    3.714    3.084    2.608    2.260    2.022    1.857    1.737    1.645    1.537    1.387    1.180    0.967    0.717    0.411    0.072   -0.315   -0.770   -1.282   -1.844   -2.464   -3.129   -3.833   -4.567   -5.316   -6.075   -6.814   -7.497   -8.144   -8.722   -9.233   -9.691  -10.096  -10.465  -10.785  -11.007  -11.149  -11.128  -10.889  -10.397   -9.555   -8.735   -7.879   -6.925   -5.818   -4.515   -3.006   -1.323
   -0.086    1.637    3.283    4.796    6.176    7.464    8.736   10.044   10.593   10.499    9.933    9.050    7.990    6.851    5.697    4.662    3.780    3.063    2.536    2.154    1.908    1.757    1.669    1.630    1.586    1.518    1.404    1.235    1.063    0.858    0.608    0.318    0.002   -0.362   -0.779   -1.253   -1.771   -2.324   -2.933   -3.577   -4.246   -4.931   -5.609   -6.247   -6.860   -7.411   -7.913   -8.361   -8.772   -9.162   -9.512   -9.807  -10.057  -10.180  -10.110   -9.775   -9.114   -8.437   -7.711   -6.890   -5.923   -4.757   -3.370   -1.791
   -0.631    1.029    2.607    4.037    5.345    6.615    7.858    8.971    9.439    9.329    8.793    7.961    6.980    5.927    4.884    3.951    3.186    2.582    2.141    1.854    1.692    1.609    1.578    1.586    1.572    1.528    1.432    1.289    1.145    0.966    0.751    0.505    0.242   -0.053   -0.398   -0.791   -1.215   -1.679   -2.204   -2.773   -3.374   -3.994   -4.605   -5.200   -5.773   -6.278   -6.754   -7.192   -7.582   -7.964   -8.315   -8.646   -8.955   -9.168   -9.241   -9.077   -8.618   -8.097   -7.509   -6.827   -6.004   -4.987   -3.737   -2.263
   -1.196    0.402    1.906    3.261    4.520    5.799    7.013    7.907    8.296    8.194    7.707    6.966    6.077    5.144    4.225    3.408    2.756    2.260    1.902    1.687    1.592    1.558    1.562    1.586    1.584    1.548    1.469    1.342    1.213    1.042    0.842    0.634    0.408    0.162   -0.133   -0.454   -0.806   -1.201   -1.654   -2.159   -2.701   -3.268   -3.821   -4.362   -4.888   -5.348   -5.784   -6.197   -6.563   -6.923   -7.244   -7.570   -7.898   -8.179   -8.349   -8.322   -8.072   -7.715   -7.271   -6.728   -6.051   -5.187   -4.090   -2.741
   -1.747   -0.220    1.219    2.505    3.745    5.050    6.226    6.877    7.222    7.151    6.732    6.099    5.339    4.514    3.728    3.039    2.496    2.081    1.799    1.634    1.568    1.563    1.582    1.610    1.602    1.575    1.495    1.375    1.251    1.084    0.896    0.708    0.500    0.289    0.036   -0.234   -0.534   -0.880   -1.269   -1.721   -2.230   -2.738   -3.240   -3.735   -4.213   -4.625   -5.008   -5.386   -5.728   -6.052   -6.346   -6.641   -6.960   -7.269   -7.501   -7.593   -7.525   -7.316   -7.005   -6.593   -6.056   -5.343   -4.404   -3.195
   -2.249   -0.789    0.588    1.810    3.044    4.385    5.516    5.960    6.277    6.262    5.927    5.417    4.775    4.066    3.396    2.824    2.364    2.023    1.792    1.651    1.598    1.605    1.620    1.640    1.622    1.591    1.508    1.391    1.260    1.094    0.914    0.732    0.538    0.347    0.132   -0.106   -0.373   -0.675   -1.020   -1.445   -1.917   -2.371   -2.829   -3.286   -3.710   -4.077   -4.412   -4.743   -5.066   -5.341   -5.605   -5.877   -6.169   -6.484   -6.742   -6.908   -7.010   -6.926   -6.728   -6.431   -6.019   -5.446   -4.657   -3.593
   -2.662   -1.262    0.053    1.207    2.433    3.806    4.901    5.222    5.527    5.563    5.322    4.928    4.388    3.775    3.209    2.719    2.312    2.019    1.816    1.699    1.639    1.645    1.656    1.655    1.626    1.577    1.490    1.374    1.238    1.072    0.898    0.722    0.539    0.356    0.157   -0.048   -0.283   -0.560   -0.879   -1.285   -1.715   -2.136   -2.555   -2.967   -3.345   -3.670   -3.960   -4.253   -4.545   -4.773   -5.014   -5.267   -5.542   -5.849   -6.108   -6.339   -6.548   -6.561   -6.453   -6.252   -5.948   -5.492   -4.829   -3.900
   -2.934   -1.592   -0.359    0.700    1.915    3.307    4.390    4.708    5.020    5.095    4.921    4.604    4.151    3.615    3.117    2.680    2.318    2.049    1.851    1.739    1.671    1.663    1.654    1.635    1.594    1.533    1.442    1.325    1.187    1.017    0.849    0.680    0.507    0.333    0.149   -0.041   -0.244   -0.497   -0.803   -1.184   -1.579   -1.969   -2.355   -2.728   -3.068   -3.354   -3.620   -3.881   -4.134   -4.337   -4.561   -4.803   -5.067   -5.355   -5.617   -5.881   -6.144   -6.225   -6.187   -6.059   -5.842   -5.482   -4.905   -4.077
   -2.935   -1.689   -0.602    0.304    1.491    2.892    3.979    4.445    4.769    4.866    4.734    4.450    4.042    3.562    3.097    2.682    2.336    2.071    1.876    1.752    1.673    1.641    1.615    1.582    1.530    1.459    1.363    1.245    1.109    0.947    0.785    0.623    0.460    0.295    0.126   -0.048   -0.233   -0.465   -0.756   -1.104   -1.468   -1.830   -2.186   -2.526   -2.834   -3.100   -3.344   -3.577   -3.801   -3.998   -4.211   -4.449   -4.709   -4.993   -5.262   -5.530   -5.793   -5.919   -5.932   -5.859   -5.702   -5.395   -4.808   -3.977
   -2.433   -1.632   -0.983   -0.275    0.778    1.971    3.035    3.712    4.119    4.289    4.251    4.056    3.751    3.383    3.000    2.642    2.332    2.079    1.882    1.738    1.631    1.553    1.488    1.422    1.346    1.256    1.151    1.030    0.896    0.755    0.613    0.473    0.333    0.191    0.049   -0.097   -0.248   -0.429   -0.660   -0.926   -1.211   -1.497   -1.778   -2.043   -2.283   -2.498   -2.693   -2.873   -3.042   -3.208   -3.384   -3.580   -3.795   -4.026   -4.258   -4.489   -4.719   -4.891   -4.994   -5.020   -4.887   -4.529   -3.924   -3.169
   -2.364   -1.686   -1.046   -0.268    0.759    1.818    2.814    3.515    3.946    4.136    4.121    3.949    3.667    3.321    2.959    2.615    2.313    2.063    1.866    1.716    1.603    1.516    1.442    1.369    1.288    1.194    1.087    0.965    0.837    0.704    0.569    0.435    0.301    0.165    0.027   -0.114   -0.264   -0.437   -0.645   -0.886   -1.147   -1.411   -1.671   -1.917   -2.141   -2.345   -2.528   -2.697   -2.856   -3.010   -3.171   -3.346   -3.535   -3.736   -3.939   -4.142   -4.345   -4.514   -4.636   -4.670   -4.544   -4.213   -3.672   -3.008
   -2.259   -1.669   -1.041   -0.226    0.737    1.721    2.623    3.334    3.786    3.996    4.001    3.848    3.586    3.261    2.915    2.584    2.290    2.043    1.845    1.691    1.572    1.478    1.397    1.317    1.232    1.135    1.026    0.907    0.785    0.658    0.530    0.402    0.273    0.142    0.010   -0.127   -0.272   -0.438   -0.628   -0.846   -1.085   -1.329   -1.570   -1.799   -2.009   -2.200   -2.373   -2.532   -2.680   -2.823   -2.969   -3.125   -3.291   -3.465   -3.641   -3.819   -4.000   -4.167   -4.310   -4.340   -4.232   -3.927   -3.441   -2.846
   -2.140   -1.600   -0.987   -0.179    0.714    1.622    2.459    3.162    3.636    3.865    3.888    3.753    3.509    3.201    2.870    2.550    2.263    2.019    1.820    1.663    1.539    1.440    1.352    1.268    1.178    1.079    0.968    0.855    0.738    0.617    0.495    0.372    0.248    0.123   -0.004   -0.135   -0.276   -0.432   -0.608   -0.808   -1.026   -1.251   -1.474   -1.688   -1.885   -2.065   -2.227   -2.376   -2.513   -2.645   -2.777   -2.915   -3.060   -3.210   -3.363   -3.519   -3.683   -3.856   -3.987   -4.051   -3.947   -3.666   -3.226   -2.687
   -2.019   -1.503   -0.906   -0.139    0.691    1.532    2.323    2.999    3.494    3.743    3.782    3.664    3.435    3.141    2.823    2.512    2.231    1.990    1.792    1.633    1.505    1.401    1.308    1.219    1.127    1.025    0.917    0.808    0.696    0.580    0.463    0.345    0.227    0.107   -0.015   -0.141   -0.275   -0.423   -0.586   -0.769   -0.968   -1.177   -1.384   -1.583   -1.769   -1.937   -2.090   -2.228   -2.356   -2.477   -2.596   -2.717   -2.843   -2.971   -3.102   -3.240   -3.393   -3.577   -3.723   -3.784   -3.685   -3.426   -3.026   -2.534
   -1.900   -1.399   -0.821   -0.105    0.667    1.449    2.189    2.843    3.352    3.626    3.682    3.578    3.363    3.082    2.774    2.472    2.197    1.959    1.761    1.600    1.470    1.361    1.265    1.173    1.077    0.973    0.870    0.765    0.657    0.547    0.434    0.321    0.208    0.093   -0.024   -0.145   -0.272   -0.411   -0.563   -0.731   -0.912   -1.105   -1.299   -1.485   -1.659   -1.817   -1.960   -2.089   -2.207   -2.317   -2.424   -2.530   -2.638   -2.747   -2.860   -2.981   -3.133   -3.312   -3.486   -3.538   -3.445   -3.205   -2.838   -2.385
   -1.785   -1.300   -0.743   -0.077    0.642    1.372    2.066    2.698    3.208    3.513    3.587    3.496    3.293    3.023    2.725    2.430    2.160    1.924    1.727    1.566    1.433    1.322    1.222    1.127    1.029    0.927    0.827    0.726    0.622    0.515    0.408    0.300    0.191    0.081   -0.031   -0.146   -0.268   -0.398   -0.539   -0.692   -0.858   -1.037   -1.217   -1.392   -1.555   -1.704   -1.838   -1.958   -2.066   -2.166   -2.261   -2.354   -2.445   -2.537   -2.632   -2.742   -2.902   -3.098   -3.265   -3.310   -3.221   -3.000   -2.662   -2.244
   -1.675   -1.208   -0.675   -0.053    0.618    1.298    1.951    2.550    3.067    3.401    3.495    3.417    3.225    2.964    2.674    2.386    2.119    1.887    1.691    1.529    1.395    1.282    1.180    1.082    0.981    0.883    0.787    0.689    0.588    0.486    0.383    0.280    0.175    0.070   -0.036   -0.146   -0.261   -0.384   -0.515   -0.655   -0.806   -0.970   -1.139   -1.303   -1.456   -1.596   -1.722   -1.833   -1.933   -2.024   -2.107   -2.187   -2.263   -2.340   -2.421   -2.524   -2.691   -2.909   -3.059   -3.097   -3.013   -2.808   -2.496   -2.108
   -1.570   -1.123   -0.616   -0.034    0.593    1.229    1.842    2.410    2.927    3.284    3.404    3.340    3.158    2.906    2.622    2.339    2.077    1.847    1.652    1.491    1.356    1.241    1.138    1.038    0.937    0.843    0.749    0.654    0.557    0.459    0.361    0.261    0.162    0.061   -0.041   -0.145   -0.254   -0.369   -0.491   -0.619   -0.757   -0.907   -1.065   -1.219   -1.363   -1.495   -1.612   -1.716   -1.807   -1.888   -1.961   -2.029   -2.092   -2.155   -2.224   -2.331   -2.509   -2.729   -2.865   -2.899   -2.819   -2.629   -2.340   -1.978
   -1.470   -1.044   -0.563   -0.018    0.567    1.162    1.739    2.277    2.778    3.160    3.314    3.265    3.092    2.847    2.569    2.290    2.032    1.805    1.612    1.451    1.317    1.201    1.096    0.995    0.896    0.804    0.713    0.621    0.528    0.434    0.340    0.245    0.149    0.053   -0.044   -0.143   -0.246   -0.354   -0.467   -0.585   -0.710   -0.846   -0.994   -1.139   -1.275   -1.398   -1.508   -1.604   -1.687   -1.760   -1.823   -1.879   -1.931   -1.981   -2.042   -2.157   -2.352   -2.559   -2.683   -2.712   -2.637   -2.460   -2.192   -1.855
   -1.375   -0.971   -0.516   -0.005    0.542    1.099    1.640    2.150    2.625    3.031    3.223    3.190    3.026    2.787    2.514    2.239    1.984    1.760    1.569    1.410    1.276    1.160    1.054    0.951    0.856    0.767    0.679    0.590    0.501    0.411    0.320    0.229    0.138    0.046   -0.046   -0.141   -0.238   -0.339   -0.444   -0.552   -0.665   -0.788   -0.925   -1.062   -1.191   -1.307   -1.409   -1.498   -1.574   -1.638   -1.692   -1.738   -1.779   -1.819   -1.874   -1.997   -2.210   -2.398   -2.511   -2.536   -2.465   -2.300   -2.052   -1.737
   -1.284   -0.902   -0.473    0.006    0.517    1.037    1.545    2.027    2.479    2.896    3.125    3.115    2.961    2.727    2.458    2.186    1.934    1.713    1.525    1.367    1.234    1.119    1.013    0.909    0.819    0.731    0.646    0.561    0.475    0.388    0.301    0.215    0.127    0.040   -0.048   -0.138   -0.229   -0.324   -0.421   -0.521   -0.623   -0.734   -0.859   -0.989   -1.111   -1.220   -1.316   -1.397   -1.466   -1.522   -1.568   -1.605   -1.635   -1.666   -1.723   -1.855   -2.072   -2.244   -2.348   -2.369   -2.302   -2.149   -1.918   -1.625
   -1.198   -0.838   -0.433    0.014    0.491    0.977    1.454    1.908    2.338    2.750    3.021    3.039    2.895    2.666    2.400    2.131    1.882    1.664    1.479    1.323    1.192    1.077    0.972    0.870    0.782    0.697    0.615    0.532    0.450    0.367    0.284    0.201    0.118    0.035   -0.049   -0.134   -0.220   -0.309   -0.399   -0.491   -0.584   -0.683   -0.797   -0.919   -1.034   -1.137   -1.227   -1.302   -1.364   -1.413   -1.450   -1.478   -1.500   -1.523   -1.587   -1.731   -1.940   -2.098   -2.192   -2.211   -2.148   -2.006   -1.791   -1.517
   -1.115   -0.777   -0.397    0.021    0.466    0.919    1.365    1.793    2.201    2.597    2.907    2.960    2.828    2.604    2.340    2.074    1.828    1.613    1.431    1.278    1.149    1.036    0.930    0.833    0.746    0.665    0.585    0.506    0.426    0.347    0.268    0.188    0.109    0.030   -0.050   -0.130   -0.211   -0.294   -0.378   -0.462   -0.547   -0.636   -0.738   -0.852   -0.961   -1.059   -1.142   -1.211   -1.266   -1.309   -1.339   -1.359   -1.372   -1.390   -1.460   -1.619   -1.813   -1.958   -2.044   -2.060   -2.002   -1.869   -1.669   -1.414
   -1.036   -0.719   -0.364    0.026    0.440    0.863    1.279    1.681    2.067    2.442    2.778    2.878    2.760    2.540    2.278    2.014    1.771    1.559    1.381    1.232    1.106    0.994    0.888    0.795    0.712    0.633    0.556    0.480    0.404    0.328    0.252    0.176    0.101    0.026   -0.050   -0.126   -0.202   -0.280   -0.357   -0.435   -0.512   -0.591   -0.682   -0.788   -0.892   -0.984   -1.061   -1.125   -1.174   -1.210   -1.233   -1.246   -1.252   -1.267   -1.338   -1.514   -1.691   -1.824   -1.902   -1.916   -1.861   -1.738   -1.553   -1.316
   -0.961   -0.664   -0.333    0.030    0.414    0.807    1.196    1.572    1.935    2.292    2.641    2.789    2.689    2.474    2.214    1.951    1.711    1.504    1.329    1.184    1.061    0.953    0.847    0.759    0.678    0.602    0.528    0.455    0.382    0.310    0.237    0.165    0.093    0.022   -0.050   -0.121   -0.193   -0.266   -0.338   -0.409   -0.479   -0.550   -0.629   -0.727   -0.825   -0.912   -0.984   -1.042   -1.086   -1.116   -1.133   -1.139   -1.139   -1.156   -1.232   -1.411   -1.573   -1.695   -1.767   -1.779   -1.727   -1.613   -1.441   -1.221
   -0.888   -0.612   -0.304    0.032    0.389    0.753    1.114    1.465    1.806    2.144    2.495    2.693    2.616    2.406    2.146    1.886    1.649    1.446    1.276    1.136    1.017    0.910    0.808    0.723    0.645    0.572    0.501    0.431    0.361    0.292    0.223    0.155    0.086    0.018   -0.049   -0.117   -0.184   -0.252   -0.318   -0.384   -0.448   -0.511   -0.581   -0.668   -0.762   -0.844   -0.911   -0.964   -1.002   -1.026   -1.038   -1.038   -1.032   -1.053   -1.138   -1.311   -1.459   -1.571   -1.636   -1.646   -1.598   -1.493   -1.334   -1.130
   -0.818   -0.562   -0.277    0.034    0.363    0.700    1.034    1.361    1.679    1.998    2.339    2.587    2.540    2.335    2.076    1.817    1.584    1.386    1.221    1.086    0.971    0.867    0.770    0.688    0.613    0.542    0.474    0.407    0.341    0.275    0.210    0.144    0.080    0.015   -0.049   -0.112   -0.176   -0.238   -0.300   -0.360   -0.418   -0.475   -0.535   -0.613   -0.701   -0.779   -0.841   -0.889   -0.922   -0.941   -0.947   -0.942   -0.932   -0.957   -1.052   -1.213   -1.349   -1.451   -1.510   -1.519   -1.474   -1.377   -1.230   -1.042
   -0.751   -0.515   -0.252    0.035    0.337    0.647    0.956    1.258    1.555    1.854    2.177    2.468    2.459    2.260    2.002    1.745    1.517    1.324    1.165    1.035    0.925    0.823    0.732    0.653    0.581    0.514    0.449    0.385    0.322    0.259    0.197    0.135    0.073    0.012   -0.048   -0.108   -0.167   -0.225   -0.282   -0.337   -0.390   -0.440   -0.493   -0.560   -0.643   -0.716   -0.775   -0.818   -0.846   -0.860   -0.861   -0.851   -0.838   -0.864   -0.971   -1.118   -1.242   -1.334   -1.388   -1.395   -1.354   -1.265   -1.130   -0.957
   -0.686   -0.469   -0.228    0.035    0.312    0.596    0.879    1.157    1.431    1.710    2.013    2.324    2.372    2.182    1.924    1.669    1.446    1.259    1.107    0.983    0.879    0.778    0.694    0.618    0.550    0.486    0.424    0.363    0.303    0.243    0.184    0.126    0.067    0.010   -0.047   -0.103   -0.159   -0.213   -0.265   -0.316   -0.363   -0.408   -0.453   -0.511   -0.587   -0.657   -0.711   -0.749   -0.773   -0.783   -0.780   -0.765   -0.750   -0.772   -0.893   -1.025   -1.137   -1.222   -1.270   -1.276   -1.238   -1.156   -1.033   -0.875
   -0.622   -0.425   -0.205    0.034    0.286    0.545    0.803    1.058    1.310    1.568    1.851    2.175    2.276    2.099    1.842    1.590    1.372    1.192    1.046    0.930    0.833    0.735    0.656    0.584    0.519    0.458    0.399    0.341    0.285    0.228    0.172    0.117    0.062    0.008   -0.046   -0.099   -0.150   -0.201   -0.249   -0.295   -0.337   -0.377   -0.417   -0.465   -0.533   -0.600   -0.650   -0.684   -0.704   -0.710   -0.702   -0.683   -0.670   -0.693   -0.815   -0.934   -1.036   -1.112   -1.155   -1.160   -1.126   -1.051   -0.939   -0.795
   -0.561   -0.382   -0.183    0.033    0.261    0.495    0.729    0.960    1.190    1.427    1.689    2.013    2.171    2.010    1.754    1.505    1.294    1.122    0.985    0.876    0.785    0.693    0.618    0.550    0.489    0.431    0.375    0.321    0.267    0.213    0.160    0.108    0.056    0.005   -0.045   -0.094   -0.142   -0.189   -0.233   -0.275   -0.313   -0.348   -0.382   -0.422   -0.482   -0.546   -0.592   -0.622   -0.637   -0.639   -0.628   -0.605   -0.595   -0.622   -0.738   -0.845   -0.937   -1.005   -1.043   -1.048   -1.016   -0.949   -0.848   -0.717
   -0.502   -0.341   -0.162    0.031    0.236    0.446    0.656    0.864    1.071    1.286    1.528    1.840    2.055    1.915    1.660    1.417    1.213    1.050    0.921    0.821    0.737    0.651    0.580    0.517    0.459    0.404    0.351    0.300    0.249    0.199    0.149    0.100    0.051    0.003   -0.044   -0.090   -0.134   -0.177   -0.218   -0.256   -0.290   -0.321   -0.350   -0.382   -0.434   -0.493   -0.536   -0.562   -0.574   -0.572   -0.558   -0.532   -0.524   -0.556   -0.662   -0.758   -0.840   -0.900   -0.934   -0.938   -0.910   -0.849   -0.759   -0.642
   -0.444   -0.301   -0.142    0.030    0.211    0.397    0.583    0.768    0.953    1.147    1.366    1.656    1.923    1.811    1.559    1.323    1.128    0.975    0.856    0.765    0.687    0.609    0.543    0.483    0.429    0.378    0.328    0.280    0.232    0.185    0.138    0.092    0.046    0.001   -0.043   -0.085   -0.127   -0.166   -0.203   -0.237   -0.268   -0.294   -0.319   -0.345   -0.389   -0.444   -0.483   -0.505   -0.513   -0.508   -0.491   -0.462   -0.455   -0.493   -0.588   -0.673   -0.745   -0.798   -0.828   -0.831   -0.806   -0.752   -0.672   -0.568
   -0.387   -0.262   -0.123    0.027    0.186    0.349    0.512    0.674    0.837    1.008    1.203    1.463    1.768    1.698    1.451    1.223    1.040    0.897    0.788    0.707    0.635    0.567    0.505    0.450    0.399    0.352    0.306    0.260    0.216    0.171    0.128    0.084    0.041    0.000   -0.041   -0.081   -0.119   -0.155   -0.189   -0.220   -0.246   -0.269   -0.290   -0.311   -0.346   -0.396   -0.431   -0.450   -0.455   -0.447   -0.427   -0.397   -0.387   -0.433   -0.515   -0.589   -0.652   -0.698   -0.724   -0.726   -0.704   -0.657   -0.587   -0.496
   -0.331   -0.224   -0.104    0.025    0.161    0.301    0.442    0.581    0.722    0.870    1.041    1.270    1.583    1.569    1.334    1.117    0.947    0.817    0.719    0.650    0.583    0.524    0.467    0.416    0.370    0.326    0.283    0.241    0.199    0.158    0.117    0.077    0.037   -0.002   -0.040   -0.077   -0.112   -0.145   -0.175   -0.203   -0.226   -0.246   -0.262   -0.278   -0.305   -0.350   -0.382   -0.397   -0.399   -0.388   -0.366   -0.335   -0.319   -0.374   -0.443   -0.507   -0.560   -0.600   -0.622   -0.624   -0.604   -0.564   -0.503   -0.425
   -0.277   -0.187   -0.086    0.022    0.137    0.254    0.372    0.489    0.608    0.733    0.878    1.076    1.383    1.424    1.206    1.004    0.850    0.734    0.648    0.590    0.532    0.480    0.429    0.383    0.341    0.300    0.261    0.222    0.183    0.145    0.107    0.069    0.032   -0.004   -0.039   -0.073   -0.105   -0.135   -0.162   -0.186   -0.207   -0.223   -0.236   -0.248   -0.268   -0.306   -0.335   -0.346   -0.345   -0.332   -0.308   -0.278   -0.259   -0.314   -0.372   -0.425   -0.470   -0.503   -0.521   -0.523   -0.506   -0.472   -0.421   -0.356
   -0.223   -0.150   -0.069    0.020    0.112    0.207    0.303    0.398    0.495    0.597    0.716    0.881    1.165    1.259    1.066    0.884    0.749    0.648    0.575    0.530    0.482    0.436    0.391    0.350    0.312    0.275    0.239    0.203    0.168    0.132    0.097    0.062    0.028   -0.005   -0.038   -0.069   -0.098   -0.125   -0.149   -0.171   -0.188   -0.201   -0.211   -0.220   -0.233   -0.264   -0.290   -0.297   -0.293   -0.279   -0.253   -0.225   -0.205   -0.255   -0.302   -0.345   -0.381   -0.408   -0.422   -0.423   -0.410   -0.382   -0.341   -0.287
   -0.171   -0.114   -0.051    0.017    0.088    0.161    0.235    0.308    0.383    0.462    0.554    0.685    0.930    1.069    0.912    0.755    0.643    0.559    0.499    0.467    0.431    0.392    0.353    0.317    0.283    0.250    0.218    0.185    0.152    0.120    0.087    0.055    0.024   -0.007   -0.036   -0.065   -0.091   -0.116   -0.137   -0.155   -0.170   -0.181   -0.188   -0.193   -0.201   -0.224   -0.247   -0.250   -0.243   -0.227   -0.200   -0.174   -0.155   -0.197   -0.233   -0.266   -0.294   -0.314   -0.325   -0.326   -0.315   -0.293   -0.261   -0.220
   -0.119   -0.079   -0.034    0.014    0.064    0.116    0.168    0.219    0.272    0.327    0.393    0.487    0.677    0.845    0.743    0.619    0.532    0.467    0.422    0.402    0.379    0.347    0.315    0.284    0.255    0.226    0.196    0.167    0.137    0.107    0.078    0.049    0.020   -0.008   -0.035   -0.061   -0.085   -0.106   -0.125   -0.141   -0.153   -0.161   -0.165   -0.167   -0.171   -0.187   -0.205   -0.205   -0.195   -0.177   -0.150   -0.124   -0.107   -0.139   -0.165   -0.188   -0.207   -0.221   -0.229   -0.229   -0.221   -0.206   -0.183   -0.154
   -0.067   -0.044   -0.017    0.011    0.040    0.071    0.101    0.131    0.162    0.194    0.233    0.289    0.409    0.573    0.554    0.474    0.417    0.373    0.343    0.334    0.326    0.303    0.277    0.252    0.226    0.201    0.175    0.149    0.122    0.095    0.068    0.042    0.016   -0.010   -0.034   -0.057   -0.078   -0.097   -0.114   -0.127   -0.136   -0.142   -0.143   -0.143   -0.143   -0.151   -0.165   -0.160   -0.149   -0.130   -0.102   -0.075   -0.062   -0.082   -0.098   -0.111   -0.122   -0.130   -0.134   -0.134   -0.129   -0.119   -0.106   -0.088
   -0.017   -0.009   -0.001    0.008    0.017    0.026    0.035    0.044    0.053    0.062    0.074    0.092    0.130    0.225    0.342    0.318    0.296    0.275    0.261    0.263    0.273    0.257    0.239    0.219    0.198    0.177    0.154    0.131    0.108    0.083    0.059    0.035    0.012   -0.011   -0.033   -0.053   -0.072   -0.089   -0.102   -0.113   -0.120   -0.123   -0.123   -0.120   -0.117   -0.118   -0.126   -0.118   -0.104   -0.084   -0.057   -0.024   -0.019   -0.026   -0.031   -0.035   -0.038   -0.040   -0.040   -0.039   -0.037   -0.034   -0.029   -0.023
    0.000    0.000    0.000    0.000    0.000    0.000    0.000    0.000    0.000    0.000    0.000    0.000    0.000    0.000    0.000    0.000    0.000    0.000    0.000    0.000    0.000    0.000    0.000    0.000    0.000    0.000    0.000    0.000    0.000    0.000    0.000    0.000    0.000    0.000    0.000    0.000    0.000    0.000    0.000    0.000    0.000    0.000    0.000    0.000    0.000    0.000    0.000    0.000    0.000    0.000    0.000    0.000    0.000    0.000    0.000    0.000    0.000    0.000    0.000    0.000    0.000    0.000    0.000    0.000
    0.000    0.000    0.000    0.000    0.000    0.000    0.000    0.000    0.000    0.000    0.000    0.000    0.000    0.000    0.000    0.000    0.000    0.000    0.000    0.000    0.000    0.000    0.000    0.000    0.000    0.000    0.000    0.000    0.000    0.000    0.000    0.000    0.000    0.000    0.000    0.000    0.000    0.000    0.000    0.000    0.000    0.000    0.000    0.000    0.000    0.000    0.000    0.000    0.000    0.000    0.000    0.000    0.000    0.000    0.000    0.000    0.000    0.000    0.000    0.000    0.000    0.000    0.000    0.000
    0.000    0.000    0.000    0.000    0.000    0.000    0.000    0.000    0.000    0.000    0.000    0.000    0.000    0.000    0.000    0.000    0.000    0.000    0.000    0.000    0.000    0.000    0.000    0.000    0.000    0.000    0.000    0.000    0.000    0.000    0.000    0.000    0.000    0.000    0.000    0.000    0.000    0.000    0.000    0.000    0.000    0.000    0.000    0.000    0.000    0.000    0.000    0.000    0.000    0.000    0.000    0.000    0.000    0.000    0.000    0.000    0.000    0.000    0.000    0.000    0.000    0.000    0.000    0.000
    0.000    0.000    0.000    0.000    0.000    0.000    0.000    0.000    0.000    0.000    0.000    0.000    0.000    0.000    0.000    0.000    0.000    0.000    0.000    0.000    0.000    0.000    0.000    0.000    0.000    0.000    0.000    0.000    0.000    0.000    0.000    0.000    0.000    0.000    0.000    0.000    0.000    0.000    0.000    0.000    0.000    0.000    0.000    0.000    0.000    0.000    0.000    0.000    0.000    0.000    0.000    0.000    0.000    0.000    0.000    0.000    0.000    0.000    0.000    0.000    0.000    0.000    0.000    0.000
    0.000    0.000    0.000    0.000    0.000    0.000    0.000    0.000    0.000    0.000    0.000    0.000    0.000    0.000    0.000    0.000    0.000    0.000    0.000    0.000    0.000    0.000    0.000    0.000    0.000    0.000    0.000    0.000    0.000    0.000    0.000    0.000    0.000    0.000    0.000    0.000    0.000    0.000    0.000    0.000    0.000    0.000    0.000    0.000    0.000    0.000    0.000    0.000    0.000    0.000    0.000    0.000    0.000    0.000    0.000    0.000    0.000    0.000    0.000    0.000    0.000    0.000    0.000    0.000
    0.000    0.000    0.000    0.000    0.000    0.000    0.000    0.000    0.000    0.000    0.000    0.000    0.000    0.000    0.000    0.000    0.000    0.000    0.000    0.000    0.000    0.000    0.000    0.000    0.000    0.000    0.000    0.000    0.000    0.000    0.000    0.000    0.000    0.000    0.000    0.000    0.000    0.000    0.000    0.000    0.000    0.000    0.000    0.000    0.000    0.000    0.000    0.000    0.000    0.000    0.000    0.000    0.000    0.000    0.000    0.000    0.000    0.000    0.000    0.000    0.000    0.000    0.000    0.000
    0.000    0.000    0.000    0.000    0.000    0.000    0.000    0.000    0.000    0.000    0.000    0.000    0.000    0.000    0.000    0.000    0.000    0.000    0.000    0.000    0.000    0.000    0.000    0.000    0.000    0.000    0.000    0.000    0.000    0.000    0.000    0.000    0.000    0.000    0.000    0.000    0.000    0.000    0.000    0.000    0.000    0.000    0.000    0.000    0.000    0.000    0.000    0.000    0.000    0.000    0.000    0.000    0.000    0.000    0.000    0.000    0.000    0.000    0.000    0.000    0.000    0.000    0.000    0.000
    0.000    0.000    0.000    0.000    0.000    0.000    0.000    0.000    0.000    0.000    0.000    0.000    0.000    0.000    0.000    0.000    0.000    0.000    0.000    0.000    0.000    0.000    0.000    0.000    0.000    0.000    0.000    0.000    0.000    0.000    0.000    0.000    0.000    0.000    0.000    0.000    0.000    0.000    0.000    0.000    0.000    0.000    0.000    0.000    0.000    0.000    0.000    0.000    0.000    0.000    0.000    0.000    0.000    0.000    0.000    0.000    0.000    0.000    0.000    0.000    0.000    0.000    0.000    0.000
    0.000    0.000    0.000    0.000    0.000    0.000    0.000    0.000    0.000    0.000    0.000    0.000    0.000    0.000    0.000    0.000    0.000    0.000    0.000    0.000    0.000    0.000    0.000    0.000    0.000    0.000    0.000    0.000    0.000    0.000    0.000    0.000    0.000    0.000    0.000    0.000    0.000    0.000    0.000    0.000    0.000    0.000    0.000    0.000    0.000    0.000    0.000    0.000    0.000    0.000    0.000    0.000    0.000    0.000    0.000    0.000    0.000    0.000    0.000    0.000    0.000    0.000    0.000    0.000
    0.000    0.000    0.000    0.000    0.000    0.000    0.000    0.000    0.000    0.000    0.000    0.000    0.000    0.000    0.000    0.000    0.000    0.000    0.000    0.000    0.000    0.000    0.000    0.000    0.000    0.000    0.000    0.000    0.000    0.000    0.000    0.000    0.000    0.000    0.000    0.000    0.000    0.000    0.000    0.000    0.000    0.000    0.000    0.000    0.000    0.000    0.000    0.000    0.000    0.000    0.000    0.000    0.000    0.000    0.000    0.000    0.000    0.000    0.000    0.000    0.000    0.000    0.000    0.000
    0.000    0.000    0.000    0.000    0.000    0.000    0.000    0.000    0.000    0.000    0.000    0.000    0.000    0.000    0.000    0.000    0.000    0.000    0.000    0.000    0.000    0.000    0.000    0.000    0.000    0.000    0.000    0.000    0.000    0.000    0.000    0.000    0.000    0.000    0.000    0.000    0.000    0.000    0.000    0.000    0.000    0.000    0.000    0.000    0.000    0.000    0.000    0.000    0.000    0.000    0.000    0.000    0.000    0.000    0.000    0.000    0.000    0.000    0.000    0.000    0.000    0.000    0.000    0.000
    0.000    0.000    0.000    0.000    0.000    0.000    0.000    0.000    0.000    0.000    0.000    0.000    0.000    0.000    0.000    0.000    0.000    0.000    0.000    0.000    0.000    0.000    0.000    0.000    0.000    0.000    0.000    0.000    0.000    0.000    0.000    0.000    0.000    0.000    0.000    0.000    0.000    0.000    0.000    0.000    0.000    0.000    0.000    0.000    0.000    0.000    0.000    0.000    0.000    0.000    0.000    0.000    0.000    0.000    0.000    0.000    0.000    0.000    0.000    0.000    0.000    0.000    0.000    0.000
    0.000    0.000    0.000    0.000    0.000    0.000    0.000    0.000    0.000    0.000    0.000    0.000    0.000    0.000    0.000    0.000    0.000    0.000    0.000    0.000    0.000    0.000    0.000    0.000    0.000    0.000    0.000    0.000    0.000    0.000    0.000    0.000    0.000    0.000    0.000    0.000    0.000    0.000    0.000    0.000    0.000    0.000    0.000    0.000    0.000    0.000    0.000    0.000    0.000    0.000    0.000    0.000    0.000    0.000    0.000    0.000    0.000    0.000    0.000    0.000    0.000    0.000    0.000    0.000
    0.000    0.000    0.000    0.000    0.000    0.000    0.000    0.000    0.000    0.000    0.000    0.000    0.000    0.000    0.000    0.000    0.000    0.000    0.000    0.000    0.000    0.000    0.000    0.000    0.000    0.000    0.000    0.000    0.000    0.000    0.000    0.000    0.000    0.000    0.000    0.000    0.000    0.000    0.000    0.000    0.000    0.000    0.000    0.000    0.000    0.000    0.000    0.000    0.000    0.000    0.000    0.000    0.000    0.000    0.000    0.000    0.000    0.000    0.000    0.000    0.000    0.000    0.000    0.000
    0.000    0.000    0.000    0.000    0.000    0.000    0.000    0.000    0.000    0.000    0.000    0.000    0.000    0.000    0.000    0.000    0.000    0.000    0.000    0.000    0.000    0.000    0.000    0.000    0.000    0.000    0.000    0.000    0.000    0.000    0.000    0.000    0.000    0.000    0.000    0.000    0.000    0.000    0.000    0.000    0.000    0.000    0.000    0.000    0.000    0.000    0.000    0.000    0.000    0.000    0.000    0.000    0.000    0.000    0.000    0.000    0.000    0.000    0.000    0.000    0.000    0.000    0.000    0.000
    0.000    0.000    0.000    0.000    0.000    0.000    0.000    0.000    0.000    0.000    0.000    0.000    0.000    0.000    0.000    0.000    0.000    0.000    0.000    0.000    0.000    0.000    0.000    0.000    0.000    0.000    0.000    0.000    0.000    0.000    0.000    0.000    0.000    0.000    0.000    0.000    0.000    0.000    0.000    0.000    0.000    0.000    0.000    0.000    0.000    0.000    0.000    0.000    0.000    0.000    0.000    0.000    0.000    0.000    0.000    0.000    0.000    0.000    0.000    0.000    0.000    0.000    0.000    0.000
    0.000    0.000    0.000    0.000    0.000    0.000    0.000    0.000    0.000    0.000    0.000    0.000    0.000    0.000    0.000    0.000    0.000    0.000    0.000    0.000    0.000    0.000    0.000    0.000    0.000    0.000    0.000    0.000    0.000    0.000    0.000    0.000    0.000    0.000    0.000    0.000    0.000    0.000    0.000    0.000    0.000    0.000    0.000    0.000    0.000    0.000    0.000    0.000    0.000    0.000    0.000    0.000    0.000    0.000    0.000    0.000    0.000    0.000    0.000    0.000    0.000    0.000    0.000    0.000
    0.000    0.000    0.000    0.000    0.000    0.000    0.000    0.000    0.000    0.000    0.000    0.000    0.000    0.000    0.000    0.000    0.000    0.000    0.000    0.000    0.000    0.000    0.000    0.000    0.000    0.000    0.000    0.000    0.000    0.000    0.000    0.000    0.000    0.000    0.000    0.000    0.000    0.000    0.000    0.000    0.000    0.000    0.000    0.000    0.000    0.000    0.000    0.000    0.000    0.000    0.000    0.000    0.000    0.000    0.000    0.000    0.000    0.000    0.000    0.000    0.000    0.000    0.000    0.000
    0.000    0.000    0.000    0.000    0.000    0.000    0.000    0.000    0.000    0.000    0.000    0.000    0.000    0.000    0.000    0.000    0.000    0.000    0.000    0.000    0.000    0.000    0.000    0.000    0.000    0.000    0.000    0.000    0.000    0.000    0.000    0.000    0.000    0.000    0.000    0.000    0.000    0.000    0.000    0.000    0.000    0.000    0.000    0.000    0.000    0.000    0.000    0.000    0.000    0.000    0.000    0.000    0.000    0.000    0.000    0.000    0.000    0.000    0.000    0.000    0.000    0.000    0.000    0.000
    0.000    0.000    0.000    0.000    0.000    0.000    0.000    0.000    0.000    0.000    0.000    0.000    0.000    0.000    0.000    0.000    0.000    0.000    0.000    0.000    0.000    0.000    0.000    0.000    0.000    0.000    0.000    0.000    0.000    0.000    0.000    0.000    0.000    0.000    0.000    0.000    0.000    0.000    0.000    0.000    0.000    0.000    0.000    0.000    0.000    0.000    0.000    0.000    0.000    0.000    0.000    0.000    0.000    0.000    0.000    0.000    0.000    0.000    0.000    0.000    0.000    0.000    0.000    0.000
    0.000    0.000    0.000    0.000    0.000    0.000    0.000    0.000    0.000    0.000    0.000    0.000    0.000    0.000    0.000    0.000    0.000    0.000    0.000    0.000    0.000    0.000    0.000    0.000    0.000    0.000    0.000    0.000    0.000    0.000    0.000    0.000    0.000    0.000    0.000    0.000    0.000    0.000    0.000    0.000    0.000    0.000    0.000    0.000    0.000    0.000    0.000    0.000    0.000    0.000    0.000    0.000    0.000    0.000    0.000    0.000    0.000    0.000    0.000    0.000    0.000    0.000    0.000    0.000
    0.000    0.000    0.000    0.000    0.000    0.000    0.000    0.000    0.000    0.000    0.000    0.000    0.000    0.000    0.000    0.000    0.000    0.000    0.000    0.000    0.000    0.000    0.000    0.000    0.000    0.000    0.000    0.000    0.000    0.000    0.000    0.000    0.000    0.000    0.000    0.000    0.000    0.000    0.000    0.000    0.000    0.000    0.000    0.000    0.000    0.000    0.000    0.000    0.000    0.000    0.000    0.000    0.000    0.000    0.000    0.000    0.000    0.000    0.000    0.000    0.000    0.000    0.000    0.000
    0.000    0.000    0.000    0.000    0.000    0.000    0.000    0.000    0.000    0.000    0.000    0.000    0.000    0.000    0.000    0.000    0.000    0.000    0.000    0.000    0.000    0.000    0.000    0.000    0.000    0.000    0.000    0.000    0.000    0.000    0.000    0.000    0.000    0.000    0.000    0.000    0.000    0.000    0.000    0.000    0.000    0.000    0.000    0.000    0.000    0.000    0.000    0.000    0.000    0.000    0.000    0.000    0.000    0.000    0.000    0.000    0.000    0.000    0.000    0.000    0.000    0.000    0.000    0.000
    0.000    0.000    0.000    0.000    0.000    0.000    0.000    0.000    0.000    0.000    0.000    0.000    0.000    0.000    0.000    0.000    0.000    0.000    0.000    0.000    0.000    0.000    0.000    0.000    0.000    0.000    0.000    0.000    0.000    0.000    0.000    0.000    0.000    0.000    0.000    0.000    0.000    0.000    0.000    0.000    0.000    0.000    0.000    0.000    0.000    0.000    0.000    0.000    0.000    0.000    0.000    0.000    0.000    0.000    0.000    0.000    0.000    0.000    0.000    0.000    0.000    0.000    0.000    0.000
    0.000    0.000    0.000    0.000    0.000    0.000    0.000    0.000    0.000    0.000    0.000    0.000    0.000    0.000    0.000    0.000    0.000    0.000    0.000    0.000    0.000    0.000    0.000    0.000    0.000    0.000    0.000    0.000    0.000    0.000    0.000    0.000    0.000    0.000    0.000    0.000    0.000    0.000    0.000    0.000    0.000    0.000    0.000    0.000    0.000    0.000    0.000    0.000    0.000    0.000    0.000    0.000    0.000    0.000    0.000    0.000    0.000    0.000    0.000    0.000    0.000    0.000    0.000    0.000
    0.000    0.000    0.000    0.000    0.000    0.000    0.000    0.000    0.000    0.000    0.000    0.000    0.000    0.000    0.000    0.000    0.000    0.000    0.000    0.000    0.000    0.000    0.000    0.000    0.000    0.000    0.000    0.000    0.000    0.000    0.000    0.000    0.000    0.000    0.000    0.000    0.000    0.000    0.000    0.000    0.000    0.000    0.000    0.000    0.000    0.000    0.000    0.000    0.000    0.000    0.000    0.000    0.000    0.000    0.000    0.000    0.000    0.000    0.000    0.000    0.000    0.000    0.000    0.000
    0.000    0.000    0.000    0.000    0.000    0.000    0.000    0.000    0.000    0.000    0.000    0.000    0.000    0.000    0.000    0.000    0.000    0.000    0.000    0.000    0.000    0.000    0.000    0.000    0.000    0.000    0.000    0.000    0.000    0.000    0.000    0.000    0.000    0.000    0.000    0.000    0.000    0.000    0.000    0.000    0.000    0.000    0.000    0.000    0.000    0.000    0.000    0.000    0.000    0.000    0.000    0.000    0.000    0.000    0.000    0.000    0.000    0.000    0.000    0.000    0.000    0.000    0.000    0.000
    0.000    0.000    0.000    0.000    0.000    0.000    0.000    0.000    0.000    0.000    0.000    0.000    0.000    0.000    0.000    0.000    0.000    0.000    0.000    0.000    0.000    0.000    0.000    0.000    0.000    0.000    0.000    0.000    0.000    0.000    0.000    0.000    0.000    0.000    0.000    0.000    0.000    0.000    0.000    0.000    0.000    0.000    0.000    0.000    0.000    0.000    0.000    0.000    0.000    0.000    0.000    0.000    0.000    0.000    0.000    0.000    0.000    0.000    0.000    0.000    0.000    0.000    0.000    0.000
