   1.00   0.10   0.11
   0.98   0.20   0.12
   0.96   0.29   0.14
   0.92   0.38   0.15
   0.88   0.47   0.16
   0.83   0.56   0.17
   0.77   0.63   0.18
   0.71   0.71   0.19
   0.63   0.77   0.20
   0.56   0.83   0.21
   0.47   0.88   0.22
   0.38   0.92   0.23
   0.29   0.96   0.24
   0.20   0.98   0.25
   0.10   1.00   0.25
   0.00   1.00   0.26
  -0.10   1.00   0.26
  -0.20   0.98   0.27
  -0.29   0.96   0.27
  -0.38   0.92   0.27
  -0.47   0.88   0.27
  -0.56   0.83   0.27
  -0.63   0.77   0.27
  -0.71   0.71   0.27
  -0.77   0.63   0.27
  -0.83   0.56   0.26
  -0.88   0.47   0.26
  -0.92   0.38   0.25
  -0.96   0.29   0.24
  -0.98   0.20   0.24
  -1.00   0.10   0.23
  -1.00   0.00   0.22
  -1.00  -0.10   0.21
  -0.98  -0.20   0.20
  -0.96  -0.29   0.19
  -0.92  -0.38   0.18
  -0.88  -0.47   0.17
  -0.83  -0.56   0.15
  -0.77  -0.63   0.14
  -0.71  -0.71   0.13
  -0.63  -0.77   0.12
  -0.56  -0.83   0.11
  -0.47  -0.88   0.10
  -0.38  -0.92   0.09
  -0.29  -0.96   0.08
  -0.20  -0.98   0.08
  -0.10  -1.00   0.07
   0.00  -1.00   0.06
   0.10  -1.00   0.06
   0.20  -0.98   0.05
   0.29  -0.96   0.05
   0.38  -0.92   0.05
   0.47  -0.88   0.05
   0.56  -0.83   0.05
   0.63  -0.77   0.05
   0.71  -0.71   0.05
   0.77  -0.63   0.05
   0.83  -0.56   0.06
   0.88  -0.47   0.06
   0.92  -0.38   0.07
   0.96  -0.29   0.08
   0.98  -0.20   0.09
   1.00  -0.10   0.09
   1.00   0.00   0.10
   1.99   0.20   0.00
   1.96   0.39   0.03
   1.91   0.58   0.06
   1.85   0.77   0.10
   1.76   0.94   0.13
   1.66   1.11   0.17
   1.55   1.27   0.20
   1.41   1.41   0.23
   1.27   1.55   0.26
   1.11   1.66   0.29
   0.94   1.76   0.32
   0.77   1.85   0.35
   0.58   1.91   0.38
   0.39   1.96   0.40
   0.20   1.99   0.42
   0.00   2.00   0.44
  -0.20   1.99   0.45
  -0.39   1.96   0.47
  -0.58   1.91   0.47
  -0.77   1.85   0.48
  -0.94   1.76   0.48
  -1.11   1.66   0.48
  -1.27   1.55   0.47
  -1.41   1.41   0.47
  -1.55   1.27   0.46
  -1.66   1.11   0.44
  -1.76   0.94   0.43
  -1.85   0.77   0.41
  -1.91   0.58   0.38
  -1.96   0.39   0.36
  -1.99   0.20   0.33
  -2.00   0.00   0.30
  -1.99  -0.20   0.27
  -1.96  -0.39   0.24
  -1.91  -0.58   0.21
  -1.85  -0.77   0.18
  -1.76  -0.94   0.14
  -1.66  -1.11   0.11
  -1.55  -1.27   0.08
  -1.41  -1.41   0.04
  -1.27  -1.55   0.01
  -1.11  -1.66  -0.02
  -0.94  -1.76  -0.05
  -0.77  -1.85  -0.08
  -0.58  -1.91  -0.10
  -0.39  -1.96  -0.12
  -0.20  -1.99  -0.14
   0.00  -2.00  -0.16
   0.20  -1.99  -0.18
   0.39  -1.96  -0.19
   0.58  -1.91  -0.20
   0.77  -1.85  -0.20
   0.94  -1.76  -0.20
   1.11  -1.66  -0.20
   1.27  -1.55  -0.20
   1.41  -1.41  -0.19
   1.55  -1.27  -0.18
   1.66  -1.11  -0.17
   1.76  -0.94  -0.15
   1.85  -0.77  -0.13
   1.91  -0.58  -0.11
   1.96  -0.39  -0.08
   1.99  -0.20  -0.06
   2.00   0.00  -0.03
   2.99   0.29  -0.11
   2.94   0.59  -0.06
   2.87   0.87   0.00
   2.77   1.15   0.05
   2.65   1.41   0.11
   2.49   1.67   0.17
   2.32   1.90   0.23
   2.12   2.12   0.28
   1.90   2.32   0.34
   1.67   2.49   0.39
   1.41   2.65   0.44
   1.15   2.77   0.49
   0.87   2.87   0.53
   0.59   2.94   0.57
   0.29   2.99   0.61
   0.00   3.00   0.64
  -0.29   2.99   0.66
  -0.59   2.94   0.68
  -0.87   2.87   0.69
  -1.15   2.77   0.69
  -1.41   2.65   0.69
  -1.67   2.49   0.69
  -1.90   2.32   0.67
  -2.12   2.12   0.66
  -2.32   1.90   0.63
  -2.49   1.67   0.61
  -2.65   1.41   0.57
  -2.77   1.15   0.54
  -2.87   0.87   0.50
  -2.94   0.59   0.45
  -2.99   0.29   0.41
  -3.00   0.00   0.36
  -2.99  -0.29   0.31
  -2.94  -0.59   0.25
  -2.87  -0.87   0.19
  -2.77  -1.15   0.14
  -2.65  -1.41   0.08
  -2.49  -1.67   0.02
  -2.32  -1.90  -0.04
  -2.12  -2.12  -0.09
  -1.90  -2.32  -0.14
  -1.67  -2.49  -0.20
  -1.41  -2.65  -0.25
  -1.15  -2.77  -0.29
  -0.87  -2.87  -0.33
  -0.59  -2.94  -0.37
  -0.29  -2.99  -0.41
   0.00  -3.00  -0.44
   0.29  -2.99  -0.46
   0.59  -2.94  -0.47
   0.87  -2.87  -0.49
   1.15  -2.77  -0.49
   1.41  -2.65  -0.49
   1.67  -2.49  -0.49
   1.90  -2.32  -0.48
   2.12  -2.12  -0.46
   2.32  -1.90  -0.44
   2.49  -1.67  -0.41
   2.65  -1.41  -0.38
   2.77  -1.15  -0.35
   2.87  -0.87  -0.31
   2.94  -0.59  -0.26
   2.99  -0.29  -0.22
   3.00   0.00  -0.17
   3.98   0.39  -0.22
   3.92   0.78  -0.14
   3.83   1.16  -0.05
   3.70   1.53   0.03
   3.53   1.89   0.12
   3.33   2.22   0.20
   3.09   2.54   0.29
   2.83   2.83   0.37
   2.54   3.09   0.45
   2.22   3.33   0.53
   1.89   3.53   0.60
   1.53   3.70   0.67
   1.16   3.83   0.73
   0.78   3.92   0.78
   0.39   3.98   0.83
   0.00   4.00   0.86
  -0.39   3.98   0.89
  -0.78   3.92   0.91
  -1.16   3.83   0.92
  -1.53   3.70   0.92
  -1.89   3.53   0.91
  -2.22   3.33   0.89
  -2.54   3.09   0.87
  -2.83   2.83   0.84
  -3.09   2.54   0.80
  -3.33   2.22   0.75
  -3.53   1.89   0.70
  -3.70   1.53   0.65
  -3.83   1.16   0.58
  -3.92   0.78   0.52
  -3.98   0.39   0.44
  -4.00   0.00   0.37
  -3.98  -0.39   0.29
  -3.92  -0.78   0.21
  -3.83  -1.16   0.13
  -3.70  -1.53   0.05
  -3.53  -1.89  -0.04
  -3.33  -2.22  -0.12
  -3.09  -2.54  -0.21
  -2.83  -2.83  -0.29
  -2.54  -3.09  -0.37
  -2.22  -3.33  -0.44
  -1.89  -3.53  -0.51
  -1.53  -3.70  -0.58
  -1.16  -3.83  -0.64
  -0.78  -3.92  -0.69
  -0.39  -3.98  -0.74
   0.00  -4.00  -0.77
   0.39  -3.98  -0.80
   0.78  -3.92  -0.82
   1.16  -3.83  -0.83
   1.53  -3.70  -0.84
   1.89  -3.53  -0.83
   2.22  -3.33  -0.82
   2.54  -3.09  -0.79
   2.83  -2.83  -0.76
   3.09  -2.54  -0.73
   3.33  -2.22  -0.68
   3.53  -1.89  -0.63
   3.70  -1.53  -0.57
   3.83  -1.16  -0.51
   3.92  -0.78  -0.44
   3.98  -0.39  -0.37
   4.00   0.00  -0.30
   4.98   0.49  -0.30
   4.90   0.98  -0.19
   4.78   1.45  -0.07
   4.62   1.91   0.05
   4.41   2.36   0.16
   4.16   2.78   0.28
   3.87   3.17   0.40
   3.54   3.54   0.51
   3.17   3.87   0.61
   2.78   4.16   0.72
   2.36   4.41   0.81
   1.91   4.62   0.90
   1.45   4.78   0.98
   0.98   4.90   1.04
   0.49   4.98   1.10
   0.00   5.00   1.14
  -0.49   4.98   1.16
  -0.98   4.90   1.18
  -1.45   4.78   1.18
  -1.91   4.62   1.17
  -2.36   4.41   1.15
  -2.78   4.16   1.11
  -3.17   3.87   1.07
  -3.54   3.54   1.02
  -3.87   3.17   0.96
  -4.16   2.78   0.89
  -4.41   2.36   0.81
  -4.62   1.91   0.73
  -4.78   1.45   0.64
  -4.90   0.98   0.55
  -4.98   0.49   0.45
  -5.00   0.00   0.34
  -4.98  -0.49   0.23
  -4.90  -0.98   0.12
  -4.78  -1.45   0.01
  -4.62  -1.91  -0.10
  -4.41  -2.36  -0.22
  -4.16  -2.78  -0.33
  -3.87  -3.17  -0.44
  -3.54  -3.54  -0.55
  -3.17  -3.87  -0.66
  -2.78  -4.16  -0.76
  -2.36  -4.41  -0.85
  -1.91  -4.62  -0.94
  -1.45  -4.78  -1.02
  -0.98  -4.90  -1.09
  -0.49  -4.98  -1.14
   0.00  -5.00  -1.19
   0.49  -4.98  -1.22
   0.98  -4.90  -1.24
   1.45  -4.78  -1.25
   1.91  -4.62  -1.24
   2.36  -4.41  -1.22
   2.78  -4.16  -1.19
   3.17  -3.87  -1.15
   3.54  -3.54  -1.10
   3.87  -3.17  -1.04
   4.16  -2.78  -0.97
   4.41  -2.36  -0.89
   4.62  -1.91  -0.81
   4.78  -1.45  -0.71
   4.90  -0.98  -0.62
   4.98  -0.49  -0.51
   5.00   0.00  -0.41
   5.97   0.59  -0.34
   5.88   1.17  -0.19
   5.74   1.74  -0.04
   5.54   2.30   0.11
   5.29   2.83   0.26
   4.99   3.33   0.41
   4.64   3.81   0.56
   4.24   4.24   0.71
   3.81   4.64   0.84
   3.33   4.99   0.97
   2.83   5.29   1.09
   2.30   5.54   1.20
   1.74   5.74   1.29
   1.17   5.88   1.36
   0.59   5.97   1.42
   0.00   6.00   1.46
  -0.59   5.97   1.48
  -1.17   5.88   1.49
  -1.74   5.74   1.47
  -2.30   5.54   1.44
  -2.83   5.29   1.40
  -3.33   4.99   1.34
  -3.81   4.64   1.27
  -4.24   4.24   1.19
  -4.64   3.81   1.10
  -4.99   3.33   1.01
  -5.29   2.83   0.90
  -5.54   2.30   0.79
  -5.74   1.74   0.67
  -5.88   1.17   0.54
  -5.97   0.59   0.41
  -6.00   0.00   0.28
  -5.97  -0.59   0.14
  -5.88  -1.17  -0.01
  -5.74  -1.74  -0.15
  -5.54  -2.30  -0.30
  -5.29  -2.83  -0.45
  -4.99  -3.33  -0.60
  -4.64  -3.81  -0.75
  -4.24  -4.24  -0.89
  -3.81  -4.64  -1.02
  -3.33  -4.99  -1.15
  -2.83  -5.29  -1.27
  -2.30  -5.54  -1.38
  -1.74  -5.74  -1.47
  -1.17  -5.88  -1.55
  -0.59  -5.97  -1.62
   0.00  -6.00  -1.67
   0.59  -5.97  -1.70
   1.17  -5.88  -1.72
   1.74  -5.74  -1.72
   2.30  -5.54  -1.70
   2.83  -5.29  -1.66
   3.33  -4.99  -1.61
   3.81  -4.64  -1.55
   4.24  -4.24  -1.47
   4.64  -3.81  -1.38
   4.99  -3.33  -1.27
   5.29  -2.83  -1.16
   5.54  -2.30  -1.04
   5.74  -1.74  -0.91
   5.88  -1.17  -0.78
   5.97  -0.59  -0.64
   6.00   0.00  -0.49
   6.97   0.69  -0.35
   6.87   1.37  -0.16
   6.70   2.03   0.04
   6.47   2.68   0.23
   6.17   3.30   0.42
   5.82   3.89   0.61
   5.41   4.44   0.80
   4.95   4.95   0.97
   4.44   5.41   1.14
   3.89   5.82   1.30
   3.30   6.17   1.43
   2.68   6.47   1.56
   2.03   6.70   1.66
   1.37   6.87   1.74
   0.69   6.97   1.79
   0.00   7.00   1.83
  -0.69   6.97   1.83
  -1.37   6.87   1.82
  -2.03   6.70   1.79
  -2.68   6.47   1.73
  -3.30   6.17   1.66
  -3.89   5.82   1.57
  -4.44   5.41   1.48
  -4.95   4.95   1.37
  -5.41   4.44   1.24
  -5.82   3.89   1.12
  -6.17   3.30   0.98
  -6.47   2.68   0.83
  -6.70   2.03   0.68
  -6.87   1.37   0.52
  -6.97   0.69   0.35
  -7.00   0.00   0.18
  -6.97  -0.69   0.00
  -6.87  -1.37  -0.18
  -6.70  -2.03  -0.36
  -6.47  -2.68  -0.55
  -6.17  -3.30  -0.74
  -5.82  -3.89  -0.92
  -5.41  -4.44  -1.10
  -4.95  -4.95  -1.27
  -4.44  -5.41  -1.44
  -3.89  -5.82  -1.60
  -3.30  -6.17  -1.75
  -2.68  -6.47  -1.88
  -2.03  -6.70  -1.99
  -1.37  -6.87  -2.09
  -0.69  -6.97  -2.16
   0.00  -7.00  -2.21
   0.69  -6.97  -2.24
   1.37  -6.87  -2.25
   2.03  -6.70  -2.24
   2.68  -6.47  -2.21
   3.30  -6.17  -2.15
   3.89  -5.82  -2.07
   4.44  -5.41  -1.98
   4.95  -4.95  -1.87
   5.41  -4.44  -1.74
   5.82  -3.89  -1.59
   6.17  -3.30  -1.44
   6.47  -2.68  -1.27
   6.70  -2.03  -1.10
   6.87  -1.37  -0.92
   6.97  -0.69  -0.73
   7.00   0.00  -0.54
   7.96   0.78  -0.32
   7.85   1.56  -0.08
   7.66   2.32   0.17
   7.39   3.06   0.40
   7.06   3.77   0.64
   6.65   4.44   0.87
   6.18   5.08   1.09
   5.66   5.66   1.30
   5.08   6.18   1.50
   4.44   6.65   1.68
   3.77   7.06   1.84
   3.06   7.39   1.97
   2.32   7.66   2.08
   1.56   7.85   2.15
   0.78   7.96   2.20
   0.00   8.00   2.22
  -0.78   7.96   2.21
  -1.56   7.85   2.18
  -2.32   7.66   2.12
  -3.06   7.39   2.03
  -3.77   7.06   1.93
  -4.44   6.65   1.81
  -5.08   6.18   1.67
  -5.66   5.66   1.53
  -6.18   5.08   1.37
  -6.65   4.44   1.21
  -7.06   3.77   1.04
  -7.39   3.06   0.86
  -7.66   2.32   0.67
  -7.85   1.56   0.47
  -7.96   0.78   0.27
  -8.00   0.00   0.06
  -7.96  -0.78  -0.16
  -7.85  -1.56  -0.38
  -7.66  -2.32  -0.60
  -7.39  -3.06  -0.82
  -7.06  -3.77  -1.04
  -6.65  -4.44  -1.27
  -6.18  -5.08  -1.49
  -5.66  -5.66  -1.70
  -5.08  -6.18  -1.90
  -4.44  -6.65  -2.09
  -3.77  -7.06  -2.26
  -3.06  -7.39  -2.42
  -2.32  -7.66  -2.55
  -1.56  -7.85  -2.66
  -0.78  -7.96  -2.74
   0.00  -8.00  -2.79
   0.78  -7.96  -2.82
   1.56  -7.85  -2.83
   2.32  -7.66  -2.80
   3.06  -7.39  -2.75
   3.77  -7.06  -2.67
   4.44  -6.65  -2.57
   5.08  -6.18  -2.44
   5.66  -5.66  -2.29
   6.18  -5.08  -2.11
   6.65  -4.44  -1.92
   7.06  -3.77  -1.72
   7.39  -3.06  -1.50
   7.66  -2.32  -1.28
   7.85  -1.56  -1.04
   7.96  -0.78  -0.81
   8.00   0.00  -0.56
   8.96   0.88  -0.25
   8.83   1.76   0.04
   8.61   2.61   0.34
   8.31   3.44   0.63
   7.94   4.24   0.91
   7.48   5.00   1.18
   6.96   5.71   1.45
   6.36   6.36   1.69
   5.71   6.96   1.91
   5.00   7.48   2.11
   4.24   7.94   2.28
   3.44   8.31   2.42
   2.61   8.61   2.52
   1.76   8.83   2.59
   0.88   8.96   2.63
   0.00   9.00   2.63
  -0.88   8.96   2.60
  -1.76   8.83   2.53
  -2.61   8.61   2.44
  -3.44   8.31   2.32
  -4.24   7.94   2.18
  -5.00   7.48   2.02
  -5.71   6.96   1.86
  -6.36   6.36   1.67
  -6.96   5.71   1.49
  -7.48   5.00   1.29
  -7.94   4.24   1.08
  -8.31   3.44   0.87
  -8.61   2.61   0.65
  -8.83   1.76   0.42
  -8.96   0.88   0.18
  -9.00   0.00  -0.07
  -8.96  -0.88  -0.32
  -8.83  -1.76  -0.58
  -8.61  -2.61  -0.84
  -8.31  -3.44  -1.10
  -7.94  -4.24  -1.37
  -7.48  -5.00  -1.63
  -6.96  -5.71  -1.88
  -6.36  -6.36  -2.13
  -5.71  -6.96  -2.37
  -5.00  -7.48  -2.59
  -4.24  -7.94  -2.79
  -3.44  -8.31  -2.96
  -2.61  -8.61  -3.11
  -1.76  -8.83  -3.23
  -0.88  -8.96  -3.32
   0.00  -9.00  -3.38
   0.88  -8.96  -3.41
   1.76  -8.83  -3.41
   2.61  -8.61  -3.37
   3.44  -8.31  -3.31
   4.24  -7.94  -3.20
   5.00  -7.48  -3.07
   5.71  -6.96  -2.91
   6.36  -6.36  -2.72
   6.96  -5.71  -2.50
   7.48  -5.00  -2.26
   7.94  -4.24  -2.00
   8.31  -3.44  -1.72
   8.61  -2.61  -1.44
   8.83  -1.76  -1.15
   8.96  -0.88  -0.85
   9.00   0.00  -0.56
   9.95   0.98  -0.16
   9.81   1.95   0.19
   9.57   2.90   0.55
   9.24   3.83   0.89
   8.82   4.71   1.22
   8.31   5.56   1.54
   7.73   6.34   1.84
   7.07   7.07   2.11
   6.34   7.73   2.35
   5.56   8.31   2.56
   4.71   8.82   2.74
   3.83   9.24   2.88
   2.90   9.57   2.98
   1.95   9.81   3.03
   0.98   9.95   3.05
   0.00  10.00   3.02
  -0.98   9.95   2.96
  -1.95   9.81   2.86
  -2.90   9.57   2.73
  -3.83   9.24   2.58
  -4.71   8.82   2.40
  -5.56   8.31   2.21
  -6.34   7.73   2.01
  -7.07   7.07   1.79
  -7.73   6.34   1.58
  -8.31   5.56   1.35
  -8.82   4.71   1.11
  -9.24   3.83   0.87
  -9.57   2.90   0.61
  -9.81   1.95   0.35
  -9.95   0.98   0.08
 -10.00   0.00  -0.19
  -9.95  -0.98  -0.48
  -9.81  -1.95  -0.77
  -9.57  -2.90  -1.08
  -9.24  -3.83  -1.38
  -8.82  -4.71  -1.68
  -8.31  -5.56  -1.98
  -7.73  -6.34  -2.27
  -7.07  -7.07  -2.55
  -6.34  -7.73  -2.82
  -5.56  -8.31  -3.06
  -4.71  -8.82  -3.29
  -3.83  -9.24  -3.49
  -2.90  -9.57  -3.65
  -1.95  -9.81  -3.79
  -0.98  -9.95  -3.89
   0.00 -10.00  -3.95
   0.98  -9.95  -3.98
   1.95  -9.81  -3.97
   2.90  -9.57  -3.93
   3.83  -9.24  -3.85
   4.71  -8.82  -3.73
   5.56  -8.31  -3.57
   6.34  -7.73  -3.37
   7.07  -7.07  -3.14
   7.73  -6.34  -2.88
   8.31  -5.56  -2.59
   8.82  -4.71  -2.27
   9.24  -3.83  -1.93
   9.57  -2.90  -1.59
   9.81  -1.95  -1.24
   9.95  -0.98  -0.88
  10.00   0.00  -0.52
  10.95   1.08  -0.05
  10.79   2.15   0.37
  10.53   3.19   0.79
  10.16   4.21   1.18
   9.70   5.19   1.56
   9.15   6.11   1.92
   8.50   6.98   2.25
   7.78   7.78   2.55
   6.98   8.50   2.81
   6.11   9.15   3.03
   5.19   9.70   3.20
   4.21  10.16   3.33
   3.19  10.53   3.41
   2.15  10.79   3.44
   1.08  10.95   3.43
   0.00  11.00   3.37
  -1.08  10.95   3.27
  -2.15  10.79   3.14
  -3.19  10.53   2.97
  -4.21  10.16   2.78
  -5.19   9.70   2.58
  -6.11   9.15   2.35
  -6.98   8.50   2.12
  -7.78   7.78   1.88
  -8.50   6.98   1.64
  -9.15   6.11   1.39
  -9.70   5.19   1.13
 -10.16   4.21   0.86
 -10.53   3.19   0.58
 -10.79   2.15   0.30
 -10.95   1.08   0.00
 -11.00   0.00  -0.30
 -10.95  -1.08  -0.62
 -10.79  -2.15  -0.95
 -10.53  -3.19  -1.28
 -10.16  -4.21  -1.61
  -9.70  -5.19  -1.95
  -9.15  -6.11  -2.29
  -8.50  -6.98  -2.61
  -7.78  -7.78  -2.92
  -6.98  -8.50  -3.21
  -6.11  -9.15  -3.49
  -5.19  -9.70  -3.74
  -4.21 -10.16  -3.96
  -3.19 -10.53  -4.14
  -2.15 -10.79  -4.29
  -1.08 -10.95  -4.39
   0.00 -11.00  -4.47
   1.08 -10.95  -4.50
   2.15 -10.79  -4.49
   3.19 -10.53  -4.44
   4.21 -10.16  -4.35
   5.19  -9.70  -4.21
   6.11  -9.15  -4.03
   6.98  -8.50  -3.81
   7.78  -7.78  -3.54
   8.50  -6.98  -3.23
   9.15  -6.11  -2.90
   9.70  -5.19  -2.53
  10.16  -4.21  -2.14
  10.53  -3.19  -1.73
  10.79  -2.15  -1.31
  10.95  -1.08  -0.89
  11.00   0.00  -0.46
  11.94   1.18   0.08
  11.77   2.34   0.56
  11.48   3.48   1.03
  11.09   4.59   1.49
  10.58   5.66   1.91
   9.98   6.67   2.30
   9.28   7.61   2.66
   8.49   8.49   2.98
   7.61   9.28   3.25
   6.67   9.98   3.47
   5.66  10.58   3.63
   4.59  11.09   3.74
   3.48  11.48   3.79
   2.34  11.77   3.79
   1.18  11.94   3.75
   0.00  12.00   3.65
  -1.18  11.94   3.52
  -2.34  11.77   3.35
  -3.48  11.48   3.15
  -4.59  11.09   2.92
  -5.66  10.58   2.69
  -6.67   9.98   2.44
  -7.61   9.28   2.19
  -8.49   8.49   1.93
  -9.28   7.61   1.67
  -9.98   6.67   1.40
 -10.58   5.66   1.13
 -11.09   4.59   0.84
 -11.48   3.48   0.55
 -11.77   2.34   0.25
 -11.94   1.18  -0.06
 -12.00   0.00  -0.39
 -11.94  -1.18  -0.73
 -11.77  -2.34  -1.08
 -11.48  -3.48  -1.44
 -11.09  -4.59  -1.80
 -10.58  -5.66  -2.17
  -9.98  -6.67  -2.53
  -9.28  -7.61  -2.88
  -8.49  -8.49  -3.21
  -7.61  -9.28  -3.53
  -6.67  -9.98  -3.82
  -5.66 -10.58  -4.09
  -4.59 -11.09  -4.33
  -3.48 -11.48  -4.53
  -2.34 -11.77  -4.69
  -1.18 -11.94  -4.81
   0.00 -12.00  -4.89
   1.18 -11.94  -4.94
   2.34 -11.77  -4.93
   3.48 -11.48  -4.88
   4.59 -11.09  -4.79
   5.66 -10.58  -4.65
   6.67  -9.98  -4.45
   7.61  -9.28  -4.20
   8.49  -8.49  -3.91
   9.28  -7.61  -3.57
   9.98  -6.67  -3.19
  10.58  -5.66  -2.78
  11.09  -4.59  -2.34
  11.48  -3.48  -1.87
  11.77  -2.34  -1.39
  11.94  -1.18  -0.90
  12.00   0.00  -0.41
  12.94   1.27   0.20
  12.75   2.54   0.75
  12.44   3.77   1.28
  12.01   4.97   1.77
  11.46   6.13   2.24
  10.81   7.22   2.67
  10.05   8.25   3.05
   9.19   9.19   3.39
   8.25  10.05   3.66
   7.22  10.81   3.87
   6.13  11.46   4.01
   4.97  12.01   4.09
   3.77  12.44   4.10
   2.54  12.75   4.06
   1.27  12.94   3.98
   0.00  13.00   3.85
  -1.27  12.94   3.67
  -2.54  12.75   3.46
  -3.77  12.44   3.24
  -4.97  12.01   2.99
  -6.13  11.46   2.73
  -7.22  10.81   2.46
  -8.25  10.05   2.20
  -9.19   9.19   1.93
 -10.05   8.25   1.67
 -10.81   7.22   1.39
 -11.46   6.13   1.11
 -12.01   4.97   0.82
 -12.44   3.77   0.53
 -12.75   2.54   0.22
 -12.94   1.27  -0.10
 -13.00   0.00  -0.44
 -12.94  -1.27  -0.80
 -12.75  -2.54  -1.17
 -12.44  -3.77  -1.54
 -12.01  -4.97  -1.92
 -11.46  -6.13  -2.31
 -10.81  -7.22  -2.69
 -10.05  -8.25  -3.05
  -9.19  -9.19  -3.40
  -8.25 -10.05  -3.74
  -7.22 -10.81  -4.05
  -6.13 -11.46  -4.34
  -4.97 -12.01  -4.59
  -3.77 -12.44  -4.80
  -2.54 -12.75  -4.97
  -1.27 -12.94  -5.11
   0.00 -13.00  -5.21
   1.27 -12.94  -5.27
   2.54 -12.75  -5.27
   3.77 -12.44  -5.23
   4.97 -12.01  -5.14
   6.13 -11.47  -5.00
   7.22 -10.81  -4.80
   8.25 -10.05  -4.55
   9.19  -9.19  -4.24
  10.05  -8.25  -3.87
  10.81  -7.22  -3.46
  11.46  -6.13  -3.01
  12.01  -4.97  -2.52
  12.44  -3.77  -2.00
  12.75  -2.54  -1.46
  12.94  -1.27  -0.91
  13.00   0.00  -0.35
  13.93   1.37   0.30
  13.73   2.73   0.90
  13.40   4.06   1.48
  12.93   5.36   2.02
  12.35   6.60   2.53
  11.64   7.78   2.99
  10.82   8.88   3.39
   9.90   9.90   3.73
   8.88  10.82   4.01
   7.78  11.64   4.20
   6.60  12.35   4.31
   5.36  12.93   4.35
   4.06  13.40   4.33
   2.73  13.73   4.24
   1.37  13.93   4.11
   0.00  14.00   3.94
  -1.37  13.93   3.73
  -2.73  13.73   3.49
  -4.06  13.40   3.24
  -5.36  12.93   2.98
  -6.60  12.35   2.71
  -7.78  11.64   2.43
  -8.88  10.82   2.16
  -9.90   9.90   1.90
 -10.82   8.88   1.63
 -11.64   7.78   1.36
 -12.35   6.60   1.08
 -12.93   5.36   0.80
 -13.40   4.06   0.50
 -13.73   2.73   0.20
 -13.93   1.37  -0.12
 -14.00   0.00  -0.47
 -13.93  -1.37  -0.82
 -13.73  -2.73  -1.20
 -13.40  -4.06  -1.58
 -12.93  -5.36  -1.98
 -12.35  -6.60  -2.37
 -11.64  -7.78  -2.76
 -10.82  -8.88  -3.13
  -9.90  -9.90  -3.49
  -8.88 -10.82  -3.83
  -7.78 -11.64  -4.15
  -6.60 -12.35  -4.44
  -5.36 -12.93  -4.71
  -4.06 -13.40  -4.94
  -2.73 -13.73  -5.12
  -1.37 -13.93  -5.28
   0.00 -14.00  -5.39
   1.37 -13.93  -5.47
   2.73 -13.73  -5.49
   4.06 -13.40  -5.47
   5.36 -12.93  -5.39
   6.60 -12.35  -5.26
   7.78 -11.64  -5.07
   8.88 -10.82  -4.82
   9.90  -9.90  -4.51
  10.82  -8.88  -4.13
  11.64  -7.78  -3.69
  12.35  -6.60  -3.20
  12.93  -5.36  -2.68
  13.40  -4.06  -2.13
  13.73  -2.73  -1.54
  13.93  -1.37  -0.93
  14.00   0.00  -0.32
  14.93   1.47   0.35
  14.71   2.93   1.00
  14.35   4.35   1.62
  13.86   5.74   2.20
  13.23   7.07   2.75
  12.47   8.33   3.23
  11.60   9.52   3.65
  10.61  10.61   4.00
   9.52  11.60   4.27
   8.33  12.47   4.44
   7.07  13.23   4.52
   5.74  13.86   4.52
   4.35  14.35   4.45
   2.93  14.71   4.32
   1.47  14.93   4.15
   0.00  15.00   3.94
  -1.47  14.93   3.70
  -2.93  14.71   3.44
  -4.35  14.35   3.17
  -5.74  13.86   2.89
  -7.07  13.23   2.62
  -8.33  12.47   2.35
  -9.52  11.60   2.08
 -10.61  10.61   1.82
 -11.60   9.52   1.56
 -12.47   8.33   1.31
 -13.23   7.07   1.04
 -13.86   5.74   0.78
 -14.35   4.35   0.50
 -14.71   2.93   0.20
 -14.93   1.47  -0.11
 -15.00   0.00  -0.45
 -14.93  -1.47  -0.80
 -14.71  -2.93  -1.17
 -14.35  -4.35  -1.56
 -13.86  -5.74  -1.95
 -13.23  -7.07  -2.34
 -12.47  -8.33  -2.73
 -11.60  -9.52  -3.10
 -10.61 -10.61  -3.46
  -9.52 -11.60  -3.80
  -8.33 -12.47  -4.12
  -7.07 -13.23  -4.42
  -5.74 -13.86  -4.69
  -4.35 -14.35  -4.93
  -2.93 -14.71  -5.14
  -1.47 -14.93  -5.31
   0.00 -15.00  -5.44
   1.47 -14.93  -5.53
   2.93 -14.71  -5.58
   4.35 -14.35  -5.58
   5.74 -13.86  -5.53
   7.07 -13.23  -5.42
   8.33 -12.47  -5.25
   9.52 -11.60  -5.01
  10.61 -10.61  -4.70
  11.60  -9.52  -4.32
  12.47  -8.33  -3.87
  13.23  -7.07  -3.37
  13.86  -5.74  -2.83
  14.35  -4.35  -2.24
  14.71  -2.93  -1.62
  14.93  -1.47  -0.98
  15.00   0.00  -0.31
  15.92   1.57   0.35
  15.69   3.12   1.03
  15.31   4.64   1.69
  14.78   6.12   2.30
  14.11   7.54   2.86
  13.30   8.89   3.38
  12.37  10.15   3.82
  11.31  11.31   4.18
  10.15  12.37   4.44
   8.89  13.30   4.59
   7.54  14.11   4.63
   6.12  14.78   4.59
   4.64  15.31   4.48
   3.12  15.69   4.30
   1.57  15.92   4.08
   0.00  16.00   3.84
  -1.57  15.92   3.57
  -3.12  15.69   3.29
  -4.64  15.31   3.02
  -6.12  14.78   2.74
  -7.54  14.11   2.47
  -8.89  13.30   2.21
 -10.15  12.37   1.96
 -11.31  11.31   1.72
 -12.37  10.15   1.48
 -13.30   8.89   1.24
 -14.11   7.54   1.01
 -14.78   6.12   0.76
 -15.31   4.64   0.50
 -15.69   3.12   0.23
 -15.92   1.57  -0.07
 -16.00   0.00  -0.39
 -15.92  -1.57  -0.74
 -15.69  -3.12  -1.10
 -15.31  -4.64  -1.47
 -14.78  -6.12  -1.85
 -14.11  -7.54  -2.23
 -13.30  -8.89  -2.61
 -12.37 -10.15  -2.97
 -11.31 -11.31  -3.32
 -10.15 -12.37  -3.66
  -8.89 -13.30  -3.98
  -7.54 -14.11  -4.28
  -6.12 -14.78  -4.55
  -4.64 -15.31  -4.79
  -3.12 -15.69  -5.01
  -1.57 -15.92  -5.20
   0.00 -16.00  -5.35
   1.57 -15.92  -5.47
   3.12 -15.69  -5.55
   4.64 -15.31  -5.58
   6.12 -14.78  -5.56
   7.54 -14.11  -5.47
   8.89 -13.30  -5.32
  10.15 -12.37  -5.11
  11.31 -11.31  -4.81
  12.37 -10.15  -4.44
  13.30  -8.89  -3.99
  14.11  -7.54  -3.49
  14.78  -6.12  -2.94
  15.31  -4.64  -2.35
  15.69  -3.12  -1.71
  15.92  -1.57  -1.04
  16.00   0.00  -0.35
  16.92   1.67   0.28
  16.67   3.32   0.98
  16.27   4.93   1.66
  15.71   6.51   2.30
  14.99   8.01   2.87
  14.13   9.44   3.40
  13.14  10.78   3.87
  12.02  12.02   4.25
  10.78  13.14   4.51
   9.44  14.13   4.64
   8.01  14.99   4.65
   6.51  15.71   4.56
   4.93  16.27   4.41
   3.32  16.67   4.19
   1.67  16.92   3.93
   0.00  17.00   3.66
  -1.67  16.92   3.37
  -3.32  16.67   3.08
  -4.93  16.27   2.80
  -6.51  15.71   2.54
  -8.01  14.99   2.28
  -9.44  14.13   2.04
 -10.78  13.14   1.81
 -12.02  12.02   1.59
 -13.14  10.78   1.38
 -14.13   9.44   1.17
 -14.99   8.01   0.97
 -15.71   6.51   0.75
 -16.27   4.93   0.51
 -16.67   3.32   0.27
 -16.92   1.67  -0.01
 -17.00   0.00  -0.30
 -16.92  -1.67  -0.62
 -16.67  -3.32  -0.97
 -16.27  -4.93  -1.33
 -15.71  -6.51  -1.69
 -14.99  -8.01  -2.05
 -14.14  -9.44  -2.41
 -13.14 -10.78  -2.75
 -12.02 -12.02  -3.09
 -10.78 -13.14  -3.42
  -9.44 -14.13  -3.73
  -8.01 -14.99  -4.02
  -6.51 -15.71  -4.29
  -4.93 -16.27  -4.55
  -3.32 -16.67  -4.77
  -1.67 -16.92  -4.97
   0.00 -17.00  -5.15
   1.67 -16.92  -5.29
   3.32 -16.67  -5.40
   4.93 -16.27  -5.47
   6.51 -15.71  -5.47
   8.01 -14.99  -5.43
   9.44 -14.14  -5.31
  10.78 -13.14  -5.13
  12.02 -12.02  -4.85
  13.14 -10.78  -4.48
  14.13  -9.44  -4.05
  14.99  -8.01  -3.56
  15.71  -6.51  -3.03
  16.27  -4.93  -2.44
  16.67  -3.32  -1.81
  16.92  -1.67  -1.13
  17.00   0.00  -0.44
  17.91   1.76   0.13
  17.65   3.51   0.83
  17.22   5.23   1.52
  16.63   6.89   2.16
  15.87   8.49   2.75
  14.97  10.00   3.30
  13.91  11.42   3.79
  12.73  12.73   4.22
  11.42  13.91   4.48
  10.00  14.97   4.59
   8.49  15.87   4.57
   6.89  16.63   4.45
   5.23  17.22   4.25
   3.51  17.65   3.99
   1.76  17.91   3.71
   0.00  18.00   3.41
  -1.76  17.91   3.11
  -3.51  17.65   2.82
  -5.23  17.22   2.55
  -6.89  16.63   2.30
  -8.49  15.87   2.07
 -10.00  14.97   1.86
 -11.42  13.91   1.65
 -12.73  12.73   1.46
 -13.91  11.42   1.27
 -14.97  10.00   1.10
 -15.87   8.49   0.93
 -16.63   6.89   0.74
 -17.22   5.23   0.54
 -17.65   3.51   0.32
 -17.91   1.76   0.08
 -18.00   0.00  -0.19
 -17.91  -1.76  -0.48
 -17.65  -3.51  -0.80
 -17.22  -5.23  -1.13
 -16.63  -6.89  -1.46
 -15.87  -8.49  -1.80
 -14.97 -10.00  -2.14
 -13.91 -11.42  -2.46
 -12.73 -12.73  -2.78
 -11.42 -13.91  -3.09
 -10.00 -14.97  -3.39
  -8.49 -15.87  -3.67
  -6.89 -16.63  -3.95
  -5.23 -17.22  -4.21
  -3.51 -17.65  -4.44
  -1.76 -17.91  -4.66
   0.00 -18.00  -4.85
   1.76 -17.91  -5.01
   3.51 -17.65  -5.15
   5.23 -17.22  -5.25
   6.89 -16.63  -5.29
   8.49 -15.87  -5.28
  10.00 -14.97  -5.21
  11.42 -13.91  -5.06
  12.73 -12.73  -4.80
  13.91 -11.42  -4.44
  14.97 -10.00  -4.03
  15.87  -8.49  -3.58
  16.63  -6.89  -3.08
  17.22  -5.23  -2.53
  17.65  -3.51  -1.91
  17.91  -1.76  -1.26
  18.00   0.00  -0.57
  18.91   1.86  -0.09
  18.63   3.71   0.60
  18.18   5.52   1.26
  17.55   7.27   1.90
  16.76   8.96   2.49
  15.80  10.56   3.04
  14.69  12.05   3.55
  13.44  13.44   4.08
  12.05  14.69   4.36
  10.56  15.80   4.46
   8.96  16.76   4.41
   7.27  17.55   4.26
   5.52  18.18   4.03
   3.71  18.63   3.74
   1.86  18.91   3.43
   0.00  19.00   3.12
  -1.86  18.91   2.81
  -3.71  18.63   2.53
  -5.52  18.18   2.28
  -7.27  17.55   2.05
  -8.96  16.76   1.85
 -10.56  15.80   1.66
 -12.05  14.69   1.49
 -13.44  13.44   1.33
 -14.69  12.05   1.17
 -15.80  10.56   1.03
 -16.76   8.96   0.89
 -17.55   7.27   0.73
 -18.18   5.52   0.56
 -18.63   3.71   0.37
 -18.91   1.86   0.17
 -19.00   0.00  -0.06
 -18.91  -1.86  -0.32
 -18.63  -3.71  -0.61
 -18.18  -5.52  -0.90
 -17.55  -7.27  -1.20
 -16.76  -8.96  -1.51
 -15.80 -10.56  -1.82
 -14.69 -12.05  -2.13
 -13.44 -13.43  -2.43
 -12.05 -14.69  -2.72
 -10.56 -15.80  -3.00
  -8.96 -16.76  -3.27
  -7.27 -17.55  -3.54
  -5.52 -18.18  -3.80
  -3.71 -18.63  -4.04
  -1.86 -18.91  -4.26
   0.00 -19.00  -4.47
   1.86 -18.91  -4.65
   3.71 -18.63  -4.82
   5.52 -18.18  -4.95
   7.27 -17.55  -5.03
   8.96 -16.76  -5.07
  10.56 -15.80  -5.05
  12.05 -14.69  -4.93
  13.43 -13.44  -4.70
  14.69 -12.05  -4.32
  15.80 -10.56  -3.93
  16.76  -8.96  -3.53
  17.55  -7.27  -3.08
  18.18  -5.52  -2.58
  18.63  -3.71  -2.02
  18.91  -1.86  -1.41
  19.00   0.00  -0.76
  19.90   1.96  -0.29
  19.62   3.90   0.37
  19.14   5.81   1.02
  18.48   7.65   1.64
  17.64   9.43   2.23
  16.63  11.11   2.78
  15.46  12.69   3.31
  14.14  14.14   3.87
  12.69  15.46   4.16
  11.11  16.63   4.24
   9.43  17.64   4.17
   7.65  18.48   3.99
   5.81  19.14   3.75
   3.90  19.62   3.44
   1.96  19.90   3.12
   0.00  20.00   2.80
  -1.96  19.90   2.50
  -3.90  19.62   2.23
  -5.81  19.14   1.99
  -7.65  18.48   1.79
  -9.43  17.64   1.62
 -11.11  16.63   1.47
 -12.69  15.46   1.33
 -14.14  14.14   1.20
 -15.46  12.69   1.08
 -16.63  11.11   0.96
 -17.64   9.43   0.86
 -18.48   7.65   0.73
 -19.14   5.81   0.59
 -19.62   3.90   0.43
 -19.90   1.96   0.26
 -20.00   0.00   0.06
 -19.90  -1.96  -0.16
 -19.62  -3.90  -0.41
 -19.14  -5.81  -0.67
 -18.48  -7.65  -0.93
 -17.64  -9.43  -1.21
 -16.63 -11.11  -1.49
 -15.46 -12.69  -1.76
 -14.14 -14.14  -2.04
 -12.69 -15.46  -2.31
 -11.11 -16.63  -2.58
  -9.43 -17.64  -2.84
  -7.65 -18.48  -3.10
  -5.81 -19.14  -3.36
  -3.90 -19.62  -3.60
  -1.96 -19.90  -3.82
   0.00 -20.00  -4.04
   1.96 -19.90  -4.24
   3.90 -19.62  -4.44
   5.81 -19.14  -4.60
   7.65 -18.48  -4.72
   9.43 -17.64  -4.82
  11.11 -16.63  -4.83
  12.69 -15.46  -4.76
  14.14 -14.14  -4.57
  15.46 -12.69  -4.19
  16.63 -11.11  -3.84
  17.64  -9.43  -3.48
  18.48  -7.65  -3.08
  19.14  -5.81  -2.63
  19.62  -3.90  -2.12
  19.90  -1.96  -1.56
  20.00   0.00  -0.94
  20.90   2.06  -0.49
  20.60   4.10   0.15
  20.10   6.10   0.78
  19.40   8.04   1.39
  18.52   9.90   1.97
  17.46  11.67   2.52
  16.23  13.32   3.04
  14.85  14.85   3.61
  13.32  16.23   3.89
  11.67  17.46   3.96
   9.90  18.52   3.87
   8.04  19.40   3.68
   6.10  20.10   3.41
   4.10  20.60   3.10
   2.06  20.90   2.78
   0.00  21.00   2.47
  -2.06  20.90   2.17
  -4.10  20.60   1.92
  -6.10  20.10   1.72
  -8.04  19.40   1.54
  -9.90  18.52   1.41
 -11.67  17.46   1.29
 -13.32  16.23   1.18
 -14.85  14.85   1.09
 -16.23  13.32   0.99
 -17.46  11.67   0.91
 -18.52   9.90   0.84
 -19.40   8.04   0.74
 -20.10   6.10   0.62
 -20.60   4.10   0.49
 -20.90   2.06   0.35
 -21.00   0.00   0.18
 -20.90  -2.06  -0.01
 -20.60  -4.10  -0.22
 -20.10  -6.10  -0.44
 -19.40  -8.04  -0.67
 -18.52  -9.90  -0.91
 -17.46 -11.67  -1.16
 -16.23 -13.32  -1.40
 -14.85 -14.85  -1.66
 -13.32 -16.23  -1.91
 -11.67 -17.46  -2.16
  -9.90 -18.52  -2.41
  -8.04 -19.40  -2.67
  -6.10 -20.10  -2.91
  -4.10 -20.60  -3.15
  -2.06 -20.90  -3.37
   0.00 -21.00  -3.59
   2.06 -20.90  -3.81
   4.10 -20.60  -4.02
   6.10 -20.10  -4.21
   8.04 -19.40  -4.37
   9.90 -18.52  -4.50
  11.67 -17.46  -4.57
  13.32 -16.23  -4.54
  14.85 -14.85  -4.39
  16.23 -13.32  -4.05
  17.46 -11.67  -3.74
  18.52  -9.90  -3.42
  19.40  -8.04  -3.07
  20.10  -6.10  -2.67
  20.60  -4.10  -2.22
  20.90  -2.06  -1.70
  21.00   0.00  -1.12
  21.89   2.16  -0.69
  21.58   4.29  -0.07
  21.05   6.39   0.55
  20.33   8.42   1.15
  19.40  10.37   1.72
  18.29  12.22   2.25
  17.01  13.96   2.77
  15.56  15.56   3.31
  13.96  17.01   3.57
  12.22  18.29   3.63
  10.37  19.40   3.53
   8.42  20.33   3.33
   6.39  21.05   3.06
   4.29  21.58   2.75
   2.16  21.89   2.44
   0.00  22.00   2.14
  -2.16  21.89   1.87
  -4.29  21.58   1.65
  -6.39  21.05   1.48
  -8.42  20.33   1.33
 -10.37  19.40   1.22
 -12.22  18.29   1.14
 -13.96  17.01   1.06
 -15.56  15.56   0.99
 -17.01  13.96   0.92
 -18.29  12.22   0.88
 -19.40  10.37   0.82
 -20.33   8.42   0.74
 -21.05   6.39   0.65
 -21.58   4.29   0.55
 -21.89   2.16   0.42
 -22.00   0.00   0.28
 -21.89  -2.16   0.13
 -21.58  -4.29  -0.05
 -21.05  -6.39  -0.24
 -20.33  -8.42  -0.44
 -19.40 -10.37  -0.65
 -18.29 -12.22  -0.86
 -17.01 -13.96  -1.08
 -15.56 -15.56  -1.30
 -13.96 -17.01  -1.52
 -12.22 -18.29  -1.76
 -10.37 -19.40  -2.02
  -8.42 -20.33  -2.26
  -6.39 -21.05  -2.49
  -4.29 -21.58  -2.71
  -2.16 -21.89  -2.94
   0.00 -22.00  -3.16
   2.16 -21.89  -3.37
   4.29 -21.58  -3.60
   6.39 -21.05  -3.80
   8.42 -20.33  -3.99
  10.37 -19.40  -4.15
  12.22 -18.29  -4.26
  13.96 -17.01  -4.28
  15.56 -15.56  -4.19
  17.01 -13.96  -3.90
  18.29 -12.22  -3.63
  19.40 -10.37  -3.36
  20.33  -8.42  -3.06
  21.05  -6.39  -2.71
  21.58  -4.29  -2.30
  21.89  -2.16  -1.82
  22.00   0.00  -1.28
  22.89   2.25  -0.87
  22.56   4.49  -0.28
  22.01   6.68   0.32
  21.25   8.80   0.90
  20.28  10.84   1.45
  19.12  12.78   1.98
  17.78  14.59   2.48
  16.26  16.26   2.98
  14.59  17.78   3.21
  12.78  19.12   3.25
  10.84  20.28   3.14
   8.80  21.25   2.96
   6.68  22.01   2.70
   4.49  22.56   2.41
   2.25  22.89   2.13
   0.00  23.00   1.85
  -2.25  22.89   1.61
  -4.49  22.56   1.41
  -6.68  22.01   1.27
  -8.80  21.25   1.16
 -10.84  20.28   1.08
 -12.78  19.12   1.03
 -14.59  17.78   0.97
 -16.26  16.26   0.92
 -17.78  14.59   0.88
 -19.12  12.78   0.85
 -20.28  10.84   0.81
 -21.25   8.80   0.75
 -22.01   6.68   0.68
 -22.56   4.49   0.59
 -22.89   2.25   0.48
 -23.00   0.00   0.37
 -22.89  -2.25   0.23
 -22.56  -4.49   0.08
 -22.01  -6.68  -0.07
 -21.25  -8.80  -0.24
 -20.28 -10.84  -0.42
 -19.12 -12.78  -0.61
 -17.78 -14.59  -0.80
 -16.26 -16.26  -0.99
 -14.59 -17.78  -1.19
 -12.78 -19.12  -1.42
 -10.84 -20.28  -1.66
  -8.80 -21.25  -1.89
  -6.68 -22.01  -2.11
  -4.49 -22.56  -2.32
  -2.25 -22.89  -2.54
   0.00 -23.00  -2.75
   2.25 -22.89  -2.96
   4.49 -22.56  -3.19
   6.68 -22.01  -3.39
   8.80 -21.25  -3.60
  10.84 -20.28  -3.78
  12.78 -19.12  -3.93
  14.59 -17.78  -3.99
  16.26 -16.26  -3.96
  17.78 -14.59  -3.73
  19.12 -12.78  -3.52
  20.28 -10.84  -3.29
  21.25  -8.80  -3.03
  22.01  -6.68  -2.73
  22.56  -4.49  -2.38
  22.89  -2.25  -1.94
  23.00   0.00  -1.44
  23.88   2.35  -1.06
  23.54   4.68  -0.49
  22.97   6.97   0.09
  22.17   9.18   0.65
  21.17  11.31   1.19
  19.96  13.33   1.71
  18.55  15.23   2.20
  16.97  16.97   2.63
  15.23  18.55   2.83
  13.33  19.96   2.87
  11.31  21.17   2.77
   9.18  22.17   2.60
   6.97  22.97   2.36
   4.68  23.54   2.11
   2.35  23.88   1.85
   0.00  24.00   1.61
  -2.35  23.88   1.39
  -4.68  23.54   1.23
  -6.97  22.97   1.12
  -9.18  22.17   1.03
 -11.31  21.17   0.98
 -13.33  19.96   0.95
 -15.23  18.55   0.91
 -16.97  16.97   0.88
 -18.55  15.23   0.86
 -19.96  13.33   0.85
 -21.17  11.31   0.81
 -22.17   9.18   0.76
 -22.97   6.97   0.70
 -23.54   4.68   0.62
 -23.88   2.35   0.52
 -24.00   0.00   0.43
 -23.88  -2.35   0.32
 -23.54  -4.68   0.19
 -22.97  -6.97   0.06
 -22.17  -9.18  -0.09
 -21.17 -11.31  -0.24
 -19.96 -13.33  -0.41
 -18.55 -15.23  -0.56
 -16.97 -16.97  -0.74
 -15.23 -18.55  -0.93
 -13.33 -19.96  -1.13
 -11.31 -21.17  -1.36
  -9.18 -22.17  -1.58
  -6.97 -22.97  -1.79
  -4.68 -23.54  -1.98
  -2.35 -23.88  -2.19
   0.00 -24.00  -2.39
   2.35 -23.88  -2.60
   4.68 -23.54  -2.81
   6.97 -22.97  -3.00
   9.18 -22.17  -3.21
  11.31 -21.17  -3.40
  13.33 -19.96  -3.58
  15.23 -18.55  -3.67
  16.97 -16.97  -3.70
  18.55 -15.23  -3.55
  19.96 -13.33  -3.38
  21.17 -11.31  -3.21
  22.17  -9.18  -3.00
  22.97  -6.97  -2.75
  23.54  -4.68  -2.44
  23.88  -2.35  -2.06
  24.00   0.00  -1.59
  24.88   2.45  -1.24
  24.52   4.88  -0.69
  23.92   7.26  -0.13
  23.10   9.57   0.41
  22.05  11.78   0.94
  20.79  13.89   1.45
  19.33  15.86   1.93
  17.68  17.68   2.29
  15.86  19.33   2.46
  13.89  20.79   2.51
  11.78  22.05   2.42
   9.57  23.10   2.27
   7.26  23.92   2.07
   4.88  24.52   1.84
   2.45  24.88   1.62
   0.00  25.00   1.41
  -2.45  24.88   1.24
  -4.88  24.52   1.10
  -7.26  23.92   1.01
  -9.57  23.10   0.95
 -11.78  22.05   0.92
 -13.89  20.79   0.90
 -15.86  19.33   0.88
 -17.68  17.68   0.87
 -19.33  15.86   0.86
 -20.79  13.89   0.84
 -22.05  11.78   0.82
 -23.10   9.57   0.77
 -23.92   7.26   0.71
 -24.52   4.88   0.64
 -24.88   2.45   0.55
 -25.00   0.00   0.47
 -24.88  -2.45   0.37
 -24.52  -4.88   0.26
 -23.92  -7.26   0.14
 -23.10  -9.57   0.02
 -22.05 -11.78  -0.11
 -20.79 -13.89  -0.26
 -19.33 -15.86  -0.40
 -17.68 -17.68  -0.56
 -15.86 -19.33  -0.73
 -13.89 -20.79  -0.92
 -11.78 -22.05  -1.13
  -9.57 -23.10  -1.34
  -7.26 -23.92  -1.53
  -4.88 -24.52  -1.71
  -2.45 -24.88  -1.90
   0.00 -25.00  -2.09
   2.45 -24.88  -2.29
   4.88 -24.52  -2.48
   7.26 -23.92  -2.66
   9.57 -23.10  -2.86
  11.78 -22.05  -3.04
  13.89 -20.79  -3.23
  15.86 -19.33  -3.36
  17.68 -17.68  -3.42
  19.33 -15.86  -3.35
  20.79 -13.89  -3.24
  22.05 -11.79  -3.11
  23.10  -9.57  -2.95
  23.92  -7.26  -2.75
  24.52  -4.88  -2.49
  24.88  -2.45  -2.16
  25.00   0.00  -1.74
  25.87   2.55  -1.42
  25.50   5.07  -0.89
  24.88   7.55  -0.35
  24.02   9.95   0.18
  22.93  12.26   0.69
  21.62  14.44   1.22
  20.10  16.49   1.67
  18.38  18.38   1.96
  16.49  20.10   2.13
  14.44  21.62   2.18
  12.26  22.93   2.11
   9.95  24.02   1.98
   7.55  24.88   1.81
   5.07  25.50   1.63
   2.55  25.87   1.44
   0.00  26.00   1.26
  -2.55  25.87   1.12
  -5.07  25.50   1.01
  -7.55  24.88   0.95
  -9.95  24.02   0.90
 -12.26  22.93   0.89
 -14.44  21.62   0.88
 -16.49  20.10   0.87
 -18.38  18.38   0.87
 -20.10  16.49   0.86
 -21.62  14.44   0.84
 -22.93  12.26   0.82
 -24.02   9.95   0.78
 -24.88   7.55   0.72
 -25.50   5.07   0.65
 -25.87   2.55   0.57
 -26.00   0.00   0.50
 -25.87  -2.55   0.40
 -25.50  -5.07   0.30
 -24.88  -7.55   0.20
 -24.02  -9.95   0.09
 -22.93 -12.26  -0.02
 -21.62 -14.44  -0.15
 -20.10 -16.49  -0.28
 -18.38 -18.38  -0.43
 -16.49 -20.10  -0.59
 -14.44 -21.62  -0.76
 -12.26 -22.93  -0.95
  -9.95 -24.02  -1.15
  -7.55 -24.88  -1.33
  -5.07 -25.50  -1.50
  -2.55 -25.87  -1.67
   0.00 -26.00  -1.85
   2.55 -25.87  -2.03
   5.07 -25.50  -2.20
   7.55 -24.88  -2.37
   9.95 -24.02  -2.54
  12.26 -22.93  -2.73
  14.44 -21.62  -2.91
  16.49 -20.10  -3.06
  18.38 -18.38  -3.15
  20.10 -16.49  -3.15
  21.62 -14.44  -3.10
  22.93 -12.26  -3.01
  24.02  -9.95  -2.89
  24.88  -7.55  -2.74
  25.50  -5.07  -2.53
  25.87  -2.55  -2.25
  26.00   0.00  -1.88
  26.87   2.65  -1.57
  26.48   5.27  -1.07
  25.84   7.84  -0.54
  24.94  10.33  -0.04
  23.81  12.73   0.48
  22.45  15.00   1.00
  20.87  17.13   1.45
  19.09  19.09   1.66
  17.13  20.87   1.83
  15.00  22.45   1.90
  12.73  23.81   1.86
  10.33  24.94   1.75
   7.84  25.84   1.62
   5.27  26.48   1.47
   2.65  26.87   1.32
   0.00  27.00   1.17
  -2.65  26.87   1.06
  -5.27  26.48   0.97
  -7.84  25.84   0.92
 -10.33  24.94   0.89
 -12.73  23.81   0.87
 -15.00  22.45   0.87
 -17.13  20.87   0.87
 -19.09  19.09   0.87
 -20.87  17.13   0.86
 -22.45  15.00   0.84
 -23.81  12.73   0.81
 -24.94  10.33   0.77
 -25.84   7.84   0.71
 -26.48   5.27   0.64
 -26.87   2.65   0.57
 -27.00   0.00   0.49
 -26.87  -2.65   0.41
 -26.48  -5.27   0.32
 -25.84  -7.84   0.23
 -24.94 -10.33   0.13
 -23.81 -12.73   0.03
 -22.45 -15.00  -0.09
 -20.87 -17.13  -0.21
 -19.09 -19.09  -0.35
 -17.13 -20.87  -0.50
 -15.00 -22.45  -0.65
 -12.73 -23.81  -0.83
 -10.33 -24.94  -1.02
  -7.84 -25.84  -1.19
  -5.27 -26.48  -1.35
  -2.65 -26.87  -1.51
   0.00 -27.00  -1.67
   2.65 -26.87  -1.83
   5.27 -26.48  -1.99
   7.84 -25.84  -2.13
  10.33 -24.94  -2.29
  12.73 -23.81  -2.46
  15.00 -22.45  -2.64
  17.13 -20.87  -2.80
  19.09 -19.09  -2.90
  20.87 -17.13  -2.97
  22.45 -15.00  -2.96
  23.81 -12.73  -2.91
  24.94 -10.33  -2.83
  25.84  -7.84  -2.72
  26.48  -5.27  -2.56
  26.87  -2.65  -2.33
  27.00   0.00  -2.00
  27.87   2.74  -1.70
  27.46   5.46  -1.21
  26.79   8.13  -0.71
  25.87  10.72  -0.22
  24.69  13.20   0.29
  23.28  15.56   0.82
  21.64  17.76   1.25
  19.80  19.80   1.42
  17.76  21.64   1.59
  15.56  23.28   1.69
  13.20  24.69   1.67
  10.72  25.87   1.60
   8.13  26.79   1.49
   5.46  27.46   1.37
   2.74  27.87   1.25
   0.00  28.00   1.12
  -2.74  27.87   1.03
  -5.46  27.46   0.96
  -8.13  26.79   0.91
 -10.72  25.87   0.88
 -13.20  24.69   0.87
 -15.56  23.28   0.87
 -17.76  21.64   0.87
 -19.80  19.80   0.86
 -21.64  17.76   0.85
 -23.28  15.56   0.83
 -24.69  13.20   0.80
 -25.87  10.72   0.75
 -26.79   8.13   0.70
 -27.46   5.46   0.63
 -27.87   2.74   0.55
 -28.00   0.00   0.48
 -27.87  -2.74   0.40
 -27.46  -5.46   0.32
 -26.79  -8.13   0.23
 -25.87 -10.72   0.14
 -24.69 -13.20   0.05
 -23.28 -15.56  -0.05
 -21.64 -17.76  -0.16
 -19.80 -19.80  -0.30
 -17.76 -21.64  -0.43
 -15.56 -23.28  -0.58
 -13.20 -24.69  -0.75
 -10.72 -25.87  -0.93
  -8.13 -26.79  -1.08
  -5.46 -27.46  -1.24
  -2.74 -27.87  -1.38
   0.00 -28.00  -1.53
   2.74 -27.87  -1.68
   5.46 -27.46  -1.82
   8.13 -26.79  -1.95
  10.72 -25.87  -2.09
  13.20 -24.69  -2.25
  15.56 -23.28  -2.41
  17.76 -21.64  -2.58
  19.80 -19.80  -2.70
  21.64 -17.76  -2.80
  23.28 -15.56  -2.83
  24.69 -13.20  -2.81
  25.87 -10.72  -2.76
  26.79  -8.13  -2.69
  27.46  -5.46  -2.56
  27.87  -2.74  -2.38
  28.00   0.00  -2.10
  28.86   2.84  -1.77
  28.44   5.66  -1.30
  27.75   8.42  -0.82
  26.79  11.10  -0.37
  25.58  13.67   0.12
  24.11  16.11   0.66
  22.42  18.40   1.09
  20.51  20.51   1.26
  18.40  22.42   1.43
  16.11  24.11   1.55
  13.67  25.58   1.57
  11.10  26.79   1.51
   8.42  27.75   1.42
   5.66  28.44   1.32
   2.84  28.86   1.22
   0.00  29.00   1.10
  -2.84  28.86   1.01
  -5.66  28.44   0.95
  -8.42  27.75   0.91
 -11.10  26.79   0.88
 -13.67  25.58   0.86
 -16.11  24.11   0.86
 -18.40  22.42   0.86
 -20.51  20.51   0.85
 -22.42  18.40   0.83
 -24.11  16.11   0.81
 -25.58  13.67   0.77
 -26.79  11.10   0.73
 -27.75   8.42   0.67
 -28.44   5.66   0.60
 -28.86   2.84   0.53
 -29.00   0.00   0.46
 -28.86  -2.84   0.38
 -28.44  -5.66   0.31
 -27.75  -8.42   0.23
 -26.79 -11.10   0.15
 -25.58 -13.67   0.06
 -24.11 -16.11  -0.03
 -22.42 -18.40  -0.14
 -20.51 -20.51  -0.27
 -18.40 -22.42  -0.40
 -16.11 -24.11  -0.54
 -13.67 -25.58  -0.70
 -11.10 -26.79  -0.87
  -8.42 -27.75  -1.01
  -5.66 -28.44  -1.16
  -2.84 -28.86  -1.30
   0.00 -29.00  -1.43
   2.84 -28.86  -1.57
   5.66 -28.44  -1.70
   8.42 -27.75  -1.81
  11.10 -26.79  -1.95
  13.67 -25.58  -2.09
  16.11 -24.11  -2.25
  18.40 -22.42  -2.40
  20.51 -20.51  -2.55
  22.42 -18.40  -2.66
  24.11 -16.11  -2.71
  25.58 -13.67  -2.72
  26.79 -11.10  -2.69
  27.75  -8.42  -2.65
  28.44  -5.66  -2.56
  28.86  -2.84  -2.40
  29.00   0.00  -2.14
  29.86   2.94  -1.71
  29.42   5.85  -1.26
  28.71   8.71  -0.84
  27.72  11.48  -0.47
  26.46  14.14   0.00
  24.94  16.67   0.54
  23.19  19.03   0.97
  21.21  21.21   1.19
  19.03  23.19   1.37
  16.67  24.94   1.49
  14.14  26.46   1.51
  11.48  27.72   1.47
   8.71  28.71   1.40
   5.85  29.42   1.30
   2.94  29.86   1.20
   0.00  30.00   1.10
  -2.94  29.86   1.01
  -5.85  29.42   0.95
  -8.71  28.71   0.90
 -11.48  27.72   0.87
 -14.14  26.46   0.85
 -16.67  24.94   0.85
 -19.03  23.19   0.84
 -21.21  21.21   0.82
 -23.19  19.03   0.80
 -24.94  16.67   0.77
 -26.46  14.14   0.74
 -27.72  11.48   0.69
 -28.71   8.71   0.63
 -29.42   5.85   0.56
 -29.86   2.94   0.50
 -30.00   0.00   0.43
 -29.86  -2.94   0.36
 -29.42  -5.85   0.28
 -28.71  -8.71   0.21
 -27.72 -11.48   0.14
 -26.46 -14.14   0.07
 -24.94 -16.67  -0.02
 -23.19 -19.03  -0.13
 -21.21 -21.21  -0.25
 -19.03 -23.19  -0.37
 -16.67 -24.94  -0.51
 -14.14 -26.46  -0.66
 -11.48 -27.72  -0.82
  -8.71 -28.71  -0.96
  -5.85 -29.42  -1.10
  -2.94 -29.86  -1.23
   0.00 -30.00  -1.36
   2.94 -29.86  -1.48
   5.85 -29.42  -1.60
   8.71 -28.71  -1.72
  11.48 -27.72  -1.85
  14.14 -26.46  -1.99
  16.67 -24.94  -2.14
  19.03 -23.19  -2.29
  21.21 -21.21  -2.43
  23.19 -19.03  -2.55
  24.94 -16.67  -2.61
  26.46 -14.14  -2.63
  27.72 -11.48  -2.62
  28.71  -8.71  -2.60
  29.42  -5.85  -2.53
  29.86  -2.94  -2.37
  30.00   0.00  -2.08
  30.85   3.04  -1.29
  30.40   6.05  -0.97
  29.67   9.00  -0.74
  28.64  11.86  -0.50
  27.34  14.61  -0.17
  25.78  17.22   0.27
  23.96  19.67   0.69
  21.92  21.92   0.98
  19.67  23.96   1.18
  17.22  25.78   1.31
  14.61  27.34   1.36
  11.86  28.64   1.36
   9.00  29.67   1.31
   6.05  30.40   1.24
   3.04  30.85   1.16
   0.00  31.00   1.07
  -3.04  30.85   0.99
  -6.05  30.40   0.92
  -9.00  29.67   0.88
 -11.86  28.64   0.84
 -14.61  27.34   0.81
 -17.22  25.78   0.79
 -19.67  23.96   0.76
 -21.92  21.92   0.74
 -23.96  19.67   0.71
 -25.78  17.22   0.68
 -27.34  14.61   0.63
 -28.64  11.86   0.58
 -29.67   9.00   0.53
 -30.40   6.05   0.46
 -30.85   3.04   0.40
 -31.00   0.00   0.34
 -30.85  -3.04   0.28
 -30.40  -6.05   0.22
 -29.67  -9.00   0.16
 -28.64 -11.86   0.10
 -27.34 -14.61   0.04
 -25.78 -17.22  -0.03
 -23.96 -19.67  -0.12
 -21.92 -21.92  -0.22
 -19.67 -23.96  -0.32
 -17.22 -25.78  -0.44
 -14.61 -27.34  -0.56
 -11.86 -28.64  -0.69
  -9.00 -29.67  -0.81
  -6.05 -30.40  -0.93
  -3.04 -30.85  -1.04
   0.00 -31.00  -1.14
   3.04 -30.85  -1.24
   6.05 -30.40  -1.34
   9.00 -29.67  -1.43
  11.86 -28.64  -1.54
  14.61 -27.34  -1.65
  17.22 -25.78  -1.77
  19.67 -23.96  -1.89
  21.92 -21.92  -2.00
  23.96 -19.67  -2.10
  25.78 -17.22  -2.18
  27.34 -14.61  -2.24
  28.64 -11.86  -2.28
  29.67  -9.00  -2.26
  30.40  -6.05  -2.16
  30.85  -3.04  -1.94
  31.00   0.00  -1.62
  31.85   3.14  -1.26
  31.39   6.24  -0.99
  30.62   9.29  -0.75
  29.56  12.25  -0.48
  28.22  15.08  -0.14
  26.61  17.78   0.23
  24.74  20.30   0.62
  22.63  22.63   0.92
  20.30  24.74   1.13
  17.78  26.61   1.26
  15.08  28.22   1.32
  12.25  29.56   1.32
   9.29  30.62   1.28
   6.24  31.39   1.21
   3.14  31.85   1.13
   0.00  32.00   1.05
  -3.14  31.85   0.98
  -6.24  31.39   0.91
  -9.29  30.62   0.86
 -12.25  29.56   0.82
 -15.08  28.22   0.79
 -17.78  26.61   0.76
 -20.30  24.74   0.74
 -22.63  22.63   0.71
 -24.74  20.30   0.68
 -26.61  17.78   0.65
 -28.22  15.08   0.60
 -29.56  12.25   0.55
 -30.62   9.29   0.50
 -31.39   6.24   0.44
 -31.85   3.14   0.38
 -32.00   0.00   0.32
 -31.85  -3.14   0.26
 -31.39  -6.24   0.20
 -30.62  -9.29   0.14
 -29.56 -12.25   0.08
 -28.22 -15.08   0.03
 -26.61 -17.78  -0.04
 -24.74 -20.30  -0.12
 -22.63 -22.63  -0.21
 -20.30 -24.74  -0.31
 -17.78 -26.61  -0.42
 -15.08 -28.22  -0.53
 -12.25 -29.56  -0.65
  -9.29 -30.62  -0.77
  -6.24 -31.39  -0.87
  -3.14 -31.85  -0.97
   0.00 -32.00  -1.07
   3.14 -31.85  -1.16
   6.24 -31.39  -1.25
   9.29 -30.62  -1.34
  12.25 -29.56  -1.43
  15.08 -28.22  -1.53
  17.78 -26.61  -1.64
  20.30 -24.74  -1.74
  22.63 -22.63  -1.83
  24.74 -20.30  -1.92
  26.61 -17.78  -2.00
  28.22 -15.08  -2.07
  29.56 -12.25  -2.11
  30.62  -9.29  -2.10
  31.39  -6.24  -2.01
  31.85  -3.14  -1.81
  32.00   0.00  -1.53
  32.84   3.23  -1.21
  32.37   6.44  -0.97
  31.58   9.58  -0.74
  30.49  12.63  -0.45
  29.10  15.56  -0.13
  27.44  18.33   0.22
  25.51  20.93   0.56
  23.33  23.33   0.86
  20.93  25.51   1.08
  18.33  27.44   1.21
  15.56  29.10   1.28
  12.63  30.49   1.28
   9.58  31.58   1.25
   6.44  32.37   1.19
   3.23  32.84   1.12
   0.00  33.00   1.03
  -3.23  32.84   0.96
  -6.44  32.37   0.90
  -9.58  31.58   0.85
 -12.63  30.49   0.81
 -15.56  29.10   0.77
 -18.33  27.44   0.74
 -20.93  25.51   0.72
 -23.33  23.33   0.69
 -25.51  20.94   0.65
 -27.44  18.33   0.62
 -29.10  15.56   0.57
 -30.49  12.63   0.52
 -31.58   9.58   0.47
 -32.37   6.44   0.41
 -32.84   3.23   0.35
 -33.00   0.00   0.30
 -32.84  -3.23   0.24
 -32.37  -6.44   0.19
 -31.58  -9.58   0.13
 -30.49 -12.63   0.07
 -29.10 -15.56   0.01
 -27.44 -18.33  -0.05
 -25.51 -20.93  -0.12
 -23.33 -23.33  -0.21
 -20.94 -25.51  -0.30
 -18.33 -27.44  -0.40
 -15.56 -29.10  -0.50
 -12.63 -30.49  -0.61
  -9.58 -31.58  -0.72
  -6.44 -32.37  -0.82
  -3.23 -32.84  -0.91
   0.00 -33.00  -1.00
   3.23 -32.84  -1.09
   6.44 -32.37  -1.17
   9.58 -31.58  -1.25
  12.63 -30.49  -1.33
  15.56 -29.10  -1.42
  18.33 -27.44  -1.51
  20.93 -25.51  -1.60
  23.33 -23.33  -1.68
  25.51 -20.94  -1.76
  27.44 -18.33  -1.83
  29.10 -15.56  -1.91
  30.49 -12.63  -1.96
  31.58  -9.58  -1.96
  32.37  -6.44  -1.87
  32.84  -3.23  -1.70
  33.00   0.00  -1.45
  33.84   3.33  -1.15
  33.35   6.63  -0.94
  32.54   9.87  -0.70
  31.41  13.01  -0.42
  29.99  16.03  -0.12
  28.27  18.89   0.21
  26.28  21.57   0.52
  24.04  24.04   0.81
  21.57  26.28   1.03
  18.89  28.27   1.17
  16.03  29.99   1.24
  13.01  31.41   1.25
   9.87  32.54   1.22
   6.63  33.35   1.17
   3.33  33.84   1.10
   0.00  34.00   1.02
  -3.33  33.84   0.95
  -6.63  33.35   0.88
  -9.87  32.54   0.83
 -13.01  31.41   0.79
 -16.03  29.99   0.75
 -18.89  28.27   0.72
 -21.57  26.28   0.69
 -24.04  24.04   0.66
 -26.28  21.57   0.63
 -28.27  18.89   0.59
 -29.99  16.03   0.54
 -31.41  13.01   0.49
 -32.54   9.87   0.44
 -33.35   6.63   0.39
 -33.84   3.33   0.34
 -34.00   0.00   0.28
 -33.84  -3.33   0.23
 -33.35  -6.63   0.17
 -32.54  -9.87   0.12
 -31.41 -13.01   0.06
 -29.99 -16.03   0.01
 -28.27 -18.89  -0.06
 -26.28 -21.57  -0.13
 -24.04 -24.04  -0.20
 -21.57 -26.28  -0.29
 -18.89 -28.27  -0.38
 -16.03 -29.99  -0.48
 -13.01 -31.41  -0.58
  -9.87 -32.54  -0.68
  -6.63 -33.35  -0.77
  -3.33 -33.84  -0.86
   0.00 -34.00  -0.94
   3.33 -33.84  -1.02
   6.63 -33.35  -1.09
   9.87 -32.54  -1.16
  13.01 -31.41  -1.24
  16.03 -29.99  -1.31
  18.89 -28.27  -1.39
  21.57 -26.28  -1.46
  24.04 -24.04  -1.53
  26.28 -21.57  -1.61
  28.27 -18.89  -1.68
  29.99 -16.03  -1.76
  31.41 -13.01  -1.83
  32.54  -9.87  -1.83
  33.35  -6.63  -1.75
  33.84  -3.33  -1.59
  34.00   0.00  -1.37
  34.83   3.43  -1.09
  34.33   6.83  -0.89
  33.49  10.16  -0.66
  32.34  13.39  -0.39
  30.87  16.50  -0.10
  29.10  19.44   0.20
  27.06  22.20   0.49
  24.75  24.75   0.76
  22.20  27.06   0.98
  19.44  29.10   1.13
  16.50  30.87   1.21
  13.39  32.34   1.22
  10.16  33.49   1.20
   6.83  34.33   1.14
   3.43  34.83   1.08
   0.00  35.00   1.00
  -3.43  34.83   0.93
  -6.83  34.33   0.87
 -10.16  33.49   0.81
 -13.39  32.34   0.77
 -16.50  30.87   0.73
 -19.44  29.10   0.70
 -22.20  27.06   0.67
 -24.75  24.75   0.64
 -27.06  22.20   0.60
 -29.10  19.45   0.56
 -30.87  16.50   0.51
 -32.34  13.39   0.47
 -33.49  10.16   0.42
 -34.33   6.83   0.37
 -34.83   3.43   0.32
 -35.00   0.00   0.26
 -34.83  -3.43   0.21
 -34.33  -6.83   0.16
 -33.49 -10.16   0.11
 -32.34 -13.39   0.05
 -30.87 -16.50   0.00
 -29.10 -19.44  -0.06
 -27.06 -22.20  -0.13
 -24.75 -24.75  -0.20
 -22.20 -27.06  -0.28
 -19.45 -29.10  -0.36
 -16.50 -30.87  -0.45
 -13.39 -32.34  -0.54
 -10.16 -33.49  -0.63
  -6.83 -34.33  -0.72
  -3.43 -34.83  -0.80
   0.00 -35.00  -0.88
   3.43 -34.83  -0.95
   6.83 -34.33  -1.02
  10.16 -33.49  -1.08
  13.39 -32.34  -1.15
  16.50 -30.87  -1.21
  19.44 -29.10  -1.28
  22.20 -27.06  -1.34
  24.75 -24.75  -1.40
  27.06 -22.20  -1.47
  29.10 -19.45  -1.55
  30.87 -16.50  -1.64
  32.34 -13.39  -1.71
  33.49 -10.16  -1.71
  34.33  -6.83  -1.63
  34.83  -3.43  -1.49
  35.00   0.00  -1.30
  35.83   3.53  -1.03
  35.31   7.02  -0.84
  34.45  10.45  -0.62
  33.26  13.78  -0.36
  31.75  16.97  -0.09
  29.93  20.00   0.19
  27.83  22.84   0.47
  25.46  25.46   0.72
  22.84  27.83   0.94
  20.00  29.93   1.10
  16.97  31.75   1.17
  13.78  33.26   1.19
  10.45  34.45   1.17
   7.02  35.31   1.12
   3.53  35.83   1.05
   0.00  36.00   0.98
  -3.53  35.83   0.91
  -7.02  35.31   0.85
 -10.45  34.45   0.80
 -13.78  33.26   0.75
 -16.97  31.75   0.71
 -20.00  29.93   0.68
 -22.84  27.83   0.65
 -25.46  25.46   0.61
 -27.83  22.84   0.58
 -29.93  20.00   0.53
 -31.75  16.97   0.49
 -33.26  13.78   0.44
 -34.45  10.45   0.40
 -35.31   7.02   0.35
 -35.83   3.53   0.30
 -36.00   0.00   0.25
 -35.83  -3.53   0.20
 -35.31  -7.02   0.15
 -34.45 -10.45   0.10
 -33.26 -13.78   0.05
 -31.75 -16.97  -0.01
 -29.93 -20.00  -0.06
 -27.83 -22.84  -0.12
 -25.46 -25.46  -0.19
 -22.84 -27.83  -0.26
 -20.00 -29.93  -0.34
 -16.97 -31.75  -0.43
 -13.78 -33.26  -0.51
 -10.45 -34.45  -0.60
  -7.02 -35.31  -0.68
  -3.53 -35.83  -0.75
   0.00 -36.00  -0.82
   3.53 -35.83  -0.89
   7.02 -35.31  -0.95
  10.45 -34.45  -1.01
  13.78 -33.26  -1.07
  16.97 -31.75  -1.12
  20.00 -29.93  -1.17
  22.84 -27.83  -1.23
  25.46 -25.46  -1.28
  27.83 -22.84  -1.34
  29.93 -20.00  -1.42
  31.75 -16.97  -1.54
  33.26 -13.78  -1.60
  34.45 -10.45  -1.60
  35.31  -7.02  -1.53
  35.83  -3.53  -1.40
  36.00   0.00  -1.22
  36.82   3.63  -0.97
  36.29   7.22  -0.79
  35.41  10.74  -0.58
  34.18  14.16  -0.34
  32.63  17.44  -0.08
  30.76  20.56   0.18
  28.60  23.47   0.44
  26.16  26.16   0.69
  23.47  28.60   0.90
  20.56  30.76   1.06
  17.44  32.63   1.14
  14.16  34.18   1.17
  10.74  35.41   1.15
   7.22  36.29   1.10
   3.63  36.82   1.03
   0.00  37.00   0.96
  -3.63  36.82   0.90
  -7.22  36.29   0.83
 -10.74  35.41   0.78
 -14.16  34.18   0.74
 -17.44  32.63   0.69
 -20.56  30.76   0.66
 -23.47  28.60   0.63
 -26.16  26.16   0.59
 -28.60  23.47   0.55
 -30.76  20.56   0.51
 -32.63  17.44   0.47
 -34.18  14.16   0.42
 -35.41  10.74   0.38
 -36.29   7.22   0.33
 -36.82   3.63   0.28
 -37.00   0.00   0.23
 -36.82  -3.63   0.19
 -36.29  -7.22   0.14
 -35.41 -10.74   0.09
 -34.18 -14.16   0.04
 -32.63 -17.44  -0.01
 -30.76 -20.56  -0.06
 -28.60 -23.47  -0.12
 -26.16 -26.16  -0.18
 -23.47 -28.60  -0.25
 -20.56 -30.76  -0.32
 -17.44 -32.63  -0.40
 -14.16 -34.18  -0.48
 -10.74 -35.41  -0.56
  -7.22 -36.29  -0.63
  -3.63 -36.82  -0.71
   0.00 -37.00  -0.77
   3.63 -36.82  -0.83
   7.22 -36.29  -0.89
  10.74 -35.41  -0.94
  14.16 -34.18  -0.99
  17.44 -32.63  -1.03
  20.56 -30.76  -1.08
  23.47 -28.60  -1.12
  26.16 -26.16  -1.16
  28.60 -23.47  -1.23
  30.76 -20.56  -1.33
  32.63 -17.44  -1.44
  34.18 -14.16  -1.50
  35.41 -10.74  -1.50
  36.29  -7.22  -1.43
  36.82  -3.63  -1.31
  37.00   0.00  -1.15
  37.82   3.72  -0.92
  37.27   7.41  -0.74
  36.36  11.03  -0.54
  35.11  14.54  -0.31
  33.51  17.91  -0.08
  31.60  21.11   0.17
  29.37  24.11   0.42
  26.87  26.87   0.65
  24.11  29.37   0.86
  21.11  31.60   1.03
  17.91  33.51   1.12
  14.54  35.11   1.14
  11.03  36.36   1.12
   7.41  37.27   1.08
   3.72  37.82   1.01
   0.00  38.00   0.95
  -3.72  37.82   0.88
  -7.41  37.27   0.82
 -11.03  36.36   0.76
 -14.54  35.11   0.72
 -17.91  33.51   0.68
 -21.11  31.60   0.64
 -24.11  29.37   0.61
 -26.87  26.87   0.57
 -29.37  24.11   0.53
 -31.60  21.11   0.49
 -33.51  17.91   0.45
 -35.11  14.54   0.40
 -36.36  11.03   0.36
 -37.27   7.41   0.31
 -37.82   3.72   0.27
 -38.00   0.00   0.22
 -37.82  -3.72   0.17
 -37.27  -7.41   0.13
 -36.36 -11.03   0.08
 -35.11 -14.54   0.04
 -33.51 -17.91  -0.01
 -31.60 -21.11  -0.06
 -29.37 -24.11  -0.12
 -26.87 -26.87  -0.18
 -24.11 -29.37  -0.24
 -21.11 -31.60  -0.30
 -17.91 -33.51  -0.38
 -14.54 -35.11  -0.45
 -11.03 -36.36  -0.53
  -7.41 -37.27  -0.60
  -3.72 -37.82  -0.66
   0.00 -38.00  -0.72
   3.72 -37.82  -0.78
   7.41 -37.27  -0.83
  11.03 -36.36  -0.87
  14.54 -35.11  -0.91
  17.91 -33.51  -0.95
  21.11 -31.60  -0.99
  24.11 -29.37  -1.02
  26.87 -26.87  -1.06
  29.37 -24.11  -1.13
  31.60 -21.11  -1.25
  33.51 -17.91  -1.35
  35.11 -14.54  -1.40
  36.36 -11.03  -1.40
  37.27  -7.41  -1.34
  37.82  -3.72  -1.23
  38.00   0.00  -1.09
  38.81   3.82  -0.86
  38.25   7.61  -0.69
  37.32  11.32  -0.50
  36.03  14.92  -0.29
  34.39  18.38  -0.07
  32.43  21.67   0.17
  30.15  24.74   0.40
  27.58  27.58   0.62
  24.74  30.15   0.83
  21.67  32.43   0.99
  18.38  34.39   1.09
  14.92  36.03   1.12
  11.32  37.32   1.10
   7.61  38.25   1.06
   3.82  38.81   1.00
   0.00  39.00   0.93
  -3.82  38.81   0.86
  -7.61  38.25   0.80
 -11.32  37.32   0.74
 -14.92  36.03   0.70
 -18.38  34.39   0.66
 -21.67  32.43   0.62
 -24.74  30.15   0.58
 -27.58  27.58   0.55
 -30.15  24.74   0.50
 -32.43  21.67   0.47
 -34.39  18.38   0.43
 -36.03  14.92   0.38
 -37.32  11.32   0.34
 -38.25   7.61   0.30
 -38.81   3.82   0.25
 -39.00   0.00   0.21
 -38.81  -3.82   0.17
 -38.25  -7.61   0.12
 -37.32 -11.32   0.08
 -36.03 -14.92   0.03
 -34.39 -18.38  -0.02
 -32.43 -21.67  -0.06
 -30.15 -24.74  -0.12
 -27.58 -27.58  -0.17
 -24.74 -30.15  -0.22
 -21.67 -32.43  -0.29
 -18.38 -34.39  -0.35
 -14.92 -36.03  -0.42
 -11.32 -37.32  -0.49
  -7.61 -38.25  -0.56
  -3.82 -38.81  -0.62
   0.00 -39.00  -0.67
   3.82 -38.81  -0.72
   7.61 -38.25  -0.77
  11.32 -37.32  -0.81
  14.92 -36.03  -0.84
  18.38 -34.40  -0.88
  21.67 -32.43  -0.90
  24.74 -30.15  -0.93
  27.58 -27.58  -0.97
  30.15 -24.74  -1.05
  32.43 -21.67  -1.17
  34.39 -18.38  -1.27
  36.03 -14.92  -1.31
  37.32 -11.32  -1.31
  38.25  -7.61  -1.26
  38.81  -3.82  -1.16
  39.00   0.00  -1.02
  39.81   3.92  -0.81
  39.23   7.80  -0.65
  38.28  11.61  -0.47
  36.96  15.31  -0.27
  35.28  18.86  -0.06
  33.26  22.22   0.16
  30.92  25.38   0.38
  28.28  28.28   0.59
  25.38  30.92   0.80
  22.22  33.26   0.96
  18.86  35.28   1.06
  15.31  36.96   1.10
  11.61  38.28   1.08
   7.80  39.23   1.04
   3.92  39.81   0.98
   0.00  40.00   0.91
  -3.92  39.81   0.84
  -7.80  39.23   0.78
 -11.61  38.28   0.73
 -15.31  36.96   0.68
 -18.86  35.28   0.64
 -22.22  33.26   0.60
 -25.38  30.92   0.56
 -28.28  28.28   0.52
 -30.92  25.38   0.49
 -33.26  22.22   0.45
 -35.28  18.86   0.41
 -36.96  15.31   0.37
 -38.28  11.61   0.33
 -39.23   7.80   0.28
 -39.81   3.92   0.24
 -40.00   0.00   0.20
 -39.81  -3.92   0.16
 -39.23  -7.80   0.11
 -38.28 -11.61   0.07
 -36.96 -15.31   0.03
 -35.28 -18.86  -0.02
 -33.26 -22.22  -0.06
 -30.92 -25.38  -0.11
 -28.28 -28.28  -0.16
 -25.38 -30.92  -0.21
 -22.22 -33.26  -0.27
 -18.86 -35.28  -0.33
 -15.31 -36.96  -0.40
 -11.61 -38.28  -0.46
  -7.80 -39.23  -0.52
  -3.92 -39.81  -0.58
   0.00 -40.00  -0.63
   3.92 -39.81  -0.68
   7.80 -39.23  -0.71
  11.61 -38.28  -0.75
  15.31 -36.96  -0.78
  18.86 -35.28  -0.80
  22.22 -33.26  -0.82
  25.38 -30.92  -0.85
  28.28 -28.28  -0.89
  30.92 -25.38  -0.99
  33.26 -22.22  -1.10
  35.28 -18.86  -1.19
  36.96 -15.31  -1.23
  38.28 -11.61  -1.23
  39.23  -7.80  -1.18
  39.81  -3.92  -1.08
  40.00   0.00  -0.96
