  0.60  0.60  0.60  0.60  0.60  0.60  0.60  0.60  0.60  0.60  0.60  0.60  0.60  0.60  0.60  0.60  0.60  0.60  0.60  0.60  0.60  0.60  0.60  0.60  0.60  0.60  0.60  0.60  0.60  0.60  0.60  0.60  0.60  0.60  0.60  0.60  0.60  0.60  0.60  0.60  0.60  0.60  0.60  0.60  0.60  0.60  0.60  0.60  0.60  0.60  0.60  0.60  0.60  0.60  0.60  0.60  0.60  0.60  0.60  0.60  0.60  0.60  0.60  0.60
  0.60  0.60  0.60  0.60  0.60  0.60  0.60  0.60  0.60  0.60  0.60  0.60  0.60  0.60  0.60  0.60  0.60  0.60  0.60  0.60  0.60  0.60  0.60  0.60  0.60  0.60  0.60  0.60  0.60  0.60  0.60  0.60  0.60  0.60  0.60  0.60  0.60  0.60  0.60  0.60  0.60  0.60  0.60  0.60  0.60  0.60  0.60  0.60  0.60  0.60  0.60  0.60  0.60  0.60  0.60  0.60  0.60  0.60  0.60  0.60  0.60  0.60  0.60  0.60
  0.60  0.60  0.60  0.60  0.60  0.60  0.60  0.60  0.60  0.60  0.60  0.60  0.60  0.60  0.60  0.60  0.60  0.60  0.60  0.60  0.60  0.60  0.60  0.60  0.60  0.60  0.60  0.60  0.60  0.60  0.60  0.60  0.60  0.60  0.60  0.60  0.60  0.60  0.60  0.60  0.60  0.60  0.60  0.60  0.60  0.60  0.60  0.60  0.60  0.60  0.60  0.60  0.60  0.60  0.60  0.60  0.60  0.60  0.60  0.60  0.60  0.60  0.60  0.60
  0.60  0.60  0.60  0.60  0.60  0.60  0.60  0.60  0.60  0.60  0.60  0.60  0.60  0.60  0.60  0.60  0.60  0.60  0.60  0.60  0.60  0.60  0.60  0.60  0.60  0.60  0.60  0.60  0.60  0.60  0.60  0.60  0.60  0.60  0.60  0.60  0.60  0.60  0.60  0.60  0.60  0.60  0.60  0.60  0.60  0.60  0.60  0.60  0.60  0.60  0.60  0.60  0.60  0.60  0.60  0.60  0.60  0.60  0.60  0.60  0.60  0.60  0.60  0.60
  0.60  0.60  0.60  0.60  0.60  0.60  0.60  0.60  0.60  0.60  0.60  0.60  0.60  0.60  0.60  0.60  0.60  0.60  0.60  0.60  0.60  0.60  0.60  0.60  0.60  0.60  0.60  0.60  0.60  0.60  0.60  0.60  0.60  0.60  0.60  0.60  0.60  0.60  0.60  0.60  0.60  0.60  0.60  0.60  0.60  0.60  0.60  0.60  0.60  0.60  0.60  0.60  0.60  0.60  0.60  0.60  0.60  0.60  0.60  0.60  0.60  0.60  0.60  0.60
  0.60  0.60  0.60  0.60  0.60  0.60  0.60  0.60  0.60  0.60  0.60  0.60  0.60  0.60  0.60  0.60  0.60  0.60  0.60  0.60  0.60  0.60  0.60  0.60  0.60  0.60  0.60  0.60  0.60  0.60  0.60  0.60  0.60  0.60  0.60  0.60  0.60  0.60  0.60  0.60  0.60  0.60  0.60  0.60  0.60  0.60  0.60  0.60  0.60  0.60  0.60  0.60  0.60  0.60  0.60  0.60  0.60  0.60  0.60  0.60  0.60  0.60  0.60  0.60
  0.60  0.60  0.60  0.60  0.60  0.60  0.60  0.60  0.60  0.60  0.60  0.60  0.60  0.60  0.60  0.60  0.60  0.60  0.60  0.60  0.60  0.60  0.60  0.60  0.60  0.60  0.60  0.60  0.60  0.60  0.60  0.60  0.60  0.60  0.60  0.60  0.60  0.60  0.60  0.60  0.60  0.60  0.60  0.60  0.60  0.60  0.60  0.60  0.60  0.60  0.60  0.60  0.60  0.60  0.60  0.60  0.60  0.60  0.60  0.60  0.60  0.60  0.60  0.60
  0.60  0.60  0.60  0.60  0.60  0.60  0.60  0.60  0.60  0.60  0.60  0.60  0.60  0.60  0.60  0.60  0.60  0.60  0.60  0.60  0.60  0.60  0.60  0.60  0.60  0.60  0.60  0.60  0.60  0.60  0.60  0.60  0.60  0.60  0.60  0.60  0.60  0.60  0.60  0.60  0.60  0.60  0.60  0.60  0.60  0.60  0.60  0.60  0.60  0.60  0.60  0.60  0.60  0.60  0.60  0.60  0.60  0.60  0.60  0.60  0.60  0.60  0.60  0.60
  0.60  0.60  0.60  0.60  0.60  0.60  0.60  0.60  0.60  0.60  0.60  0.60  0.60  0.60  0.60  0.60  0.60  0.60  0.60  0.60  0.60  0.60  0.60  0.60  0.60  0.60  0.60  0.60  0.60  0.60  0.60  0.60  0.60  0.60  0.60  0.60  0.60  0.60  0.60  0.60  0.60  0.60  0.60  0.60  0.60  0.60  0.60  0.60  0.60  0.60  0.60  0.60  0.60  0.60  0.60  0.60  0.60  0.60  0.60  0.60  0.60  0.60  0.60  0.60
  0.60  0.60  0.60  0.60  0.60  0.60  0.60  0.60  0.60  0.60  0.60  0.60  0.60  0.60  0.60  0.60  0.60  0.60  0.60  0.60  0.60  0.60  0.60  0.60  0.60  0.60  0.60  0.60  0.60  0.60  0.60  0.60  0.60  0.60  0.60  0.60  0.60  0.60  0.60  0.60  0.60  0.60  0.60  0.60  0.60  0.60  0.60  0.60  0.60  0.60  0.60  0.60  0.60  0.60  0.60  0.60  0.60  0.60  0.60  0.60  0.60  0.60  0.60  0.60
  0.60  0.60  0.60  0.60  0.60  0.60  0.60  0.60  0.60  0.60  0.60  0.60  0.60  0.60  0.60  0.60  0.60  0.60  0.60  0.60  0.60  0.60  0.60  0.60  0.60  0.60  0.60  0.60  0.60  0.60  0.60  0.60  0.60  0.60  0.60  0.60  0.60  0.60  0.60  0.60  0.60  0.60  0.60  0.60  0.60  0.60  0.60  0.60  0.60  0.60  0.60  0.60  0.60  0.60  0.60  0.60  0.60  0.60  0.60  0.60  0.60  0.60  0.60  0.60
  0.60  0.60  0.60  0.60  0.60  0.60  0.60  0.60  0.60  0.60  0.60  0.60  0.60  0.60  0.60  0.60  0.60  0.60  0.60  0.60  0.60  0.60  0.60  0.60  0.60  0.60  0.60  0.60  0.60  0.60  0.60  0.60  0.60  0.60  0.60  0.60  0.60  0.60  0.60  0.60  0.60  0.60  0.60  0.60  0.60  0.60  0.60  0.60  0.60  0.60  0.60  0.60  0.60  0.60  0.60  0.60  0.60  0.60  0.60  0.60  0.60  0.60  0.60  0.60
  0.60  0.60  0.60  0.60  0.60  0.60  0.60  0.60  0.60  0.60  0.60  0.60  0.60  0.60  0.60  0.60  0.60  0.60  0.60  0.60  0.60  0.60  0.60  0.60  0.60  0.60  0.60  0.60  0.60  0.60  0.60  0.60  0.60  0.60  0.60  0.60  0.60  0.60  0.60  0.60  0.60  0.60  0.60  0.60  0.60  0.60  0.60  0.60  0.60  0.60  0.60  0.60  0.60  0.60  0.60  0.60  0.60  0.60  0.60  0.60  0.60  0.60  0.60  0.60
  0.60  0.60  0.60  0.60  0.60  0.60  0.60  0.60  0.60  0.60  0.60  0.60  0.60  0.60  0.60  0.60  0.60  0.60  0.60  0.60  0.60  0.60  0.60  0.60  0.60  0.60  0.60  0.60  0.60  0.60  0.60  0.60  0.60  0.60  0.60  0.60  0.60  0.60  0.60  0.60  0.60  0.60  0.60  0.60  0.60  0.60  0.60  0.60  0.60  0.60  0.60  0.60  0.60  0.60  0.60  0.60  0.60  0.60  0.60  0.60  0.60  0.60  0.60  0.60
  0.60  0.60  0.60  0.60  0.60  0.60  0.60  0.60  0.60  0.60  0.60  0.60  0.60  0.60  0.60  0.60  0.60  0.60  0.60  0.60  0.60  0.60  0.60  0.60  0.60  0.60  0.60  0.60  0.60  0.60  0.60  0.60  0.60  0.60  0.60  0.60  0.60  0.60  0.60  0.60  0.60  0.60  0.60  0.60  0.60  0.60  0.60  0.60  0.60  0.60  0.60  0.60  0.60  0.60  0.60  0.60  0.60  0.60  0.60  0.60  0.60  0.60  0.60  0.60
  0.60  0.60  0.60  0.60  0.60  0.60  0.60  0.60  0.60  0.60  0.60  0.60  0.60  0.60  0.60  0.60  0.60  0.60  0.60  0.60  0.60  0.60  0.60  0.60  0.60  0.60  0.60  0.60  0.60  0.60  0.60  0.60  0.60  0.60  0.60  0.60  0.60  0.60  0.60  0.60  0.60  0.60  0.60  0.60  0.60  0.60  0.60  0.60  0.60  0.60  0.60  0.60  0.60  0.60  0.60  0.60  0.60  0.60  0.60  0.60  0.60  0.60  0.60  0.60
  0.60  0.60  0.60  0.60  0.60  0.60  0.60  0.60  0.60  0.60  0.60  0.60  0.60  0.60  0.60  0.60  0.60  0.60  0.60  0.60  0.60  0.60  0.60  0.60  0.60  0.60  0.60  0.60  0.60  0.60  0.60  0.60  0.60  0.60  0.60  0.60  0.60  0.60  0.60  0.60  0.60  0.60  0.60  0.60  0.60  0.60  0.60  0.60  0.60  0.60  0.60  0.60  0.60  0.60  0.60  0.60  0.60  0.60  0.60  0.60  0.60  0.60  0.60  0.60
  0.60  0.60  0.60  0.60  0.60  0.60  0.60  0.60  0.60  0.60  0.60  0.60  0.60  0.60  0.60  0.60  0.60  0.60  0.60  0.60  0.60  0.60  0.60  0.60  0.60  0.60  0.60  0.60  0.60  0.60  0.60  0.60  0.60  0.60  0.60  0.60  0.60  0.60  0.60  0.60  0.60  0.60  0.60  0.60  0.60  0.60  0.60  0.60  0.60  0.60  0.62  0.62  0.60  0.60  0.60  0.60  0.60  0.60  0.60  0.60  0.60  0.60  0.60  0.60
  0.60  0.60  0.60  0.60  0.60  0.60  0.60  0.60  0.60  0.60  0.60  0.60  0.60  0.60  0.60  0.60  0.60  0.60  0.60  0.60  0.60  0.60  0.60  0.60  0.60  0.60  0.60  0.60  0.60  0.60  0.60  0.60  0.60  0.60  0.60  0.60  0.60  0.60  0.60  0.60  0.60  0.60  0.60  0.60  0.60  0.60  0.60  0.60  0.60  0.63  0.67  0.67  0.60  0.60  0.60  0.60  0.60  0.60  0.60  0.60  0.60  0.60  0.60  0.60
  0.60  0.60  0.60  0.60  0.60  0.60  0.60  0.60  0.60  0.60  0.60  0.60  0.60  0.60  0.60  0.60  0.60  0.60  0.60  0.60  0.60  0.60  0.60  0.60  0.60  0.60  0.60  0.60  0.60  0.60  0.60  0.60  0.60  0.60  0.60  0.60  0.61  0.62  0.60  0.60  0.60  0.60  0.60  0.60  0.60  0.60  0.66  0.68  0.68  0.72  0.77  0.77  0.62  0.60  0.60  0.60  0.60  0.60  0.60  0.60  0.60  0.60  0.60  0.60
  0.60  0.60  0.60  0.60  0.60  0.60  0.60  0.60  0.60  0.60  0.60  0.60  0.60  0.60  0.60  0.60  0.60  0.60  0.60  0.60  0.60  0.60  0.60  0.60  0.60  0.60  0.60  0.60  0.60  0.60  0.60  0.61  0.62  0.61  0.61  0.62  0.65  0.66  0.65  0.62  0.60  0.60  0.60  0.60  0.64  0.70  0.81  0.85  0.85  0.88  0.94  0.94  0.69  0.60  0.60  0.60  0.60  0.60  0.60  0.60  0.60  0.60  0.60  0.60
  0.60  0.60  0.60  0.60  0.60  0.60  0.60  0.60  0.60  0.60  0.60  0.60  0.60  0.60  0.60  0.60  0.60  0.60  0.60  0.60  0.60  0.60  0.60  0.60  0.60  0.60  0.60  0.60  0.60  0.60  0.60  0.64  0.65  0.63  0.63  0.68  0.73  0.77  0.77  0.68  0.64  0.60  0.60  0.66  0.75  0.93  1.07  1.14  1.13  1.12  1.20  1.18  0.81  0.60  0.60  0.60  0.60  0.60  0.60  0.60  0.60  0.60  0.60  0.60
  0.60  0.60  0.60  0.60  0.60  0.60  0.60  0.60  0.60  0.60  0.60  0.60  0.60  0.60  0.60  0.60  0.60  0.60  0.60  0.60  0.60  0.60  0.60  0.60  0.60  0.60  0.60  0.60  0.60  0.60  0.61  0.70  0.70  0.67  0.68  0.78  0.86  0.94  0.97  0.81  0.76  0.70  0.71  0.82  0.97  1.30  1.45  1.54  1.50  1.45  1.57  1.53  1.00  0.60  0.60  0.60  0.60  0.60  0.60  0.60  0.60  0.60  0.60  0.60
  0.60  0.60  0.60  0.60  0.60  0.60  0.60  0.60  0.60  0.60  0.60  0.60  0.60  0.60  0.60  0.60  0.60  0.60  0.60  0.63  0.65  0.66  0.65  0.60  0.60  0.60  0.60  0.60  0.60  0.60  0.63  0.77  0.78  0.74  0.76  0.92  1.07  1.20  1.25  1.04  0.96  0.91  0.95  1.10  1.33  1.80  1.99  2.06  1.97  1.89  2.02  1.95  1.28  0.66  0.60  0.60  0.60  0.60  0.60  0.60  0.60  0.60  0.60  0.60
  0.60  0.60  0.60  0.60  0.60  0.60  0.60  0.60  0.60  0.60  0.60  0.60  0.60  0.60  0.66  0.67  0.67  0.68  0.69  0.73  0.79  0.82  0.78  0.69  0.63  0.60  0.60  0.60  0.60  0.60  0.66  0.86  0.89  0.84  0.89  1.12  1.37  1.57  1.62  1.39  1.28  1.25  1.32  1.52  1.87  2.45  2.70  2.72  2.53  2.43  2.48  2.38  1.65  0.80  0.60  0.60  0.60  0.60  0.60  0.60  0.60  0.60  0.60  0.60
  0.60  0.60  0.60  0.60  0.60  0.60  0.60  0.60  0.60  0.60  0.60  0.60  0.65  0.72  0.81  0.84  0.85  0.87  0.91  0.93  1.03  1.07  1.01  0.88  0.71  0.62  0.60  0.60  0.60  0.61  0.73  0.99  1.03  0.98  1.07  1.36  1.75  2.04  2.09  1.90  1.72  1.71  1.83  2.10  2.62  3.25  3.56  3.47  3.18  2.96  2.93  2.81  2.11  1.03  0.60  0.60  0.60  0.60  0.60  0.60  0.60  0.60  0.60  0.60
  0.60  0.60  0.60  0.60  0.60  0.60  0.60  0.60  0.60  0.60  0.60  0.65  0.80  0.99  1.08  1.15  1.17  1.19  1.26  1.25  1.39  1.44  1.34  1.18  0.86  0.68  0.60  0.60  0.60  0.65  0.84  1.13  1.17  1.15  1.29  1.65  2.12  2.49  2.64  2.54  2.32  2.30  2.47  2.86  3.56  4.17  4.41  4.23  3.82  3.49  3.39  3.24  2.57  1.34  0.65  0.60  0.60  0.60  0.60  0.60  0.60  0.60  0.60  0.60
  0.60  0.60  0.60  0.60  0.60  0.60  0.60  0.60  0.60  0.60  0.60  0.79  1.06  1.41  1.51  1.61  1.63  1.66  1.75  1.74  1.90  1.94  1.80  1.57  1.11  0.81  0.67  0.63  0.63  0.71  0.98  1.27  1.31  1.31  1.51  1.93  2.47  2.94  3.18  3.17  3.05  3.00  3.24  3.79  4.50  5.07  5.25  4.98  4.46  4.03  3.85  3.66  3.04  1.73  0.79  0.60  0.60  0.60  0.60  0.60  0.60  0.60  0.60  0.60
  0.60  0.60  0.60  0.60  0.60  0.60  0.60  0.60  0.60  0.60  0.73  1.06  1.49  1.98  2.12  2.24  2.26  2.29  2.38  2.42  2.56  2.58  2.40  2.07  1.48  1.03  0.82  0.70  0.71  0.82  1.16  1.41  1.44  1.48  1.72  2.20  2.81  3.36  3.70  3.80  3.76  3.81  4.11  4.70  5.43  5.97  6.08  5.72  5.10  4.56  4.30  4.09  3.50  2.22  1.01  0.60  0.60  0.60  0.60  0.60  0.60  0.60  0.60  0.60
  0.60  0.60  0.60  0.60  0.60  0.60  0.60  0.60  0.60  0.68  1.01  1.49  2.10  2.71  2.95  3.08  3.08  3.09  3.16  3.27  3.36  3.33  3.11  2.66  2.00  1.37  1.04  0.83  0.83  0.97  1.35  1.56  1.58  1.64  1.93  2.45  3.11  3.75  4.20  4.41  4.47  4.60  4.97  5.61  6.34  6.85  6.90  6.46  5.73  5.09  4.76  4.52  3.96  2.77  1.34  0.70  0.60  0.60  0.60  0.60  0.60  0.60  0.60  0.60
  0.60  0.60  0.60  0.60  0.60  0.60  0.60  0.60  0.60  0.88  1.47  2.11  2.93  3.60  3.97  4.09  4.07  4.04  4.06  4.12  4.15  4.06  3.79  3.31  2.63  1.84  1.35  1.02  1.00  1.18  1.53  1.70  1.72  1.80  2.12  2.67  3.37  4.10  4.67  5.00  5.17  5.38  5.82  6.50  7.22  7.70  7.69  7.17  6.36  5.62  5.21  4.95  4.42  3.33  1.79  0.93  0.65  0.60  0.60  0.60  0.60  0.60  0.60  0.60
  0.60  0.60  0.60  0.60  0.60  0.60  0.60  0.60  0.76  1.24  2.09  2.96  3.95  4.61  4.97  5.09  5.05  4.98  4.95  4.95  4.91  4.76  4.44  3.93  3.24  2.42  1.73  1.30  1.23  1.44  1.71  1.84  1.85  1.95  2.29  2.85  3.57  4.38  5.08  5.54  5.83  6.14  6.65  7.35  8.07  8.50  8.43  7.86  6.98  6.15  5.66  5.38  4.88  3.88  2.37  1.29  0.79  0.64  0.60  0.60  0.60  0.60  0.60  0.60
  0.60  0.60  0.60  0.60  0.60  0.60  0.60  0.73  1.11  1.79  2.88  4.01  4.96  5.61  5.97  6.07  6.02  5.91  5.82  5.75  5.64  5.41  5.02  4.48  3.80  2.98  2.19  1.66  1.53  1.69  1.90  1.98  1.98  2.09  2.43  2.97  3.70  4.57  5.41  6.04  6.46  6.87  7.44  8.17  8.86  9.23  9.11  8.51  7.58  6.68  6.12  5.80  5.34  4.44  3.07  1.78  1.05  0.77  0.66  0.60  0.60  0.60  0.60  0.60
  0.60  0.60  0.60  0.60  0.60  0.60  0.73  1.04  1.67  2.55  3.85  5.05  5.96  6.59  6.94  7.04  6.96  6.81  6.67  6.52  6.32  5.99  5.51  4.95  4.29  3.50  2.69  2.10  1.87  1.94  2.08  2.11  2.11  2.22  2.53  3.03  3.74  4.67  5.65  6.45  7.02  7.54  8.17  8.91  9.56  9.85  9.69  9.09  8.15  7.19  6.57  6.23  5.81  4.99  3.76  2.41  1.47  1.02  0.83  0.70  0.60  0.60  0.60  0.60
  0.60  0.60  0.60  0.60  0.66  0.77  1.05  1.55  2.43  3.55  4.96  6.08  6.94  7.55  7.88  7.97  7.87  7.68  7.47  7.23  6.92  6.46  5.90  5.30  4.69  3.97  3.17  2.52  2.21  2.19  2.25  2.25  2.22  2.32  2.58  3.02  3.71  4.67  5.77  6.75  7.50  8.13  8.83  9.56 10.13 10.35 10.15  9.57  8.68  7.70  7.02  6.66  6.27  5.55  4.45  3.16  2.07  1.45  1.15  0.94  0.73  0.64  0.60  0.60
  0.60  0.60  0.68  0.75  0.86  1.16  1.58  2.29  3.40  4.76  6.05  7.09  7.89  8.46  8.77  8.85  8.73  8.49  8.21  7.87  7.41  6.81  6.15  5.53  4.97  4.35  3.61  2.93  2.55  2.44  2.43  2.38  2.33  2.39  2.59  2.96  3.60  4.57  5.77  6.92  7.85  8.62  9.36 10.07 10.55 10.67 10.45  9.95  9.15  8.18  7.46  7.08  6.73  6.10  5.15  4.02  2.90  2.11  1.66  1.35  1.05  0.78  0.70  0.60
  0.77  0.80  0.90  1.11  1.25  1.80  2.36  3.28  4.57  5.96  7.12  8.06  8.78  9.30  9.59  9.65  9.50  9.22  8.85  8.38  7.77  7.02  6.26  5.62  5.13  4.63  3.98  3.31  2.87  2.68  2.60  2.50  2.42  2.43  2.55  2.84  3.44  4.40  5.66  6.96  8.06  8.96  9.75 10.40 10.78 10.81 10.59 10.18  9.52  8.64  7.90  7.50  7.19  6.66  5.84  4.87  3.91  3.03  2.41  1.97  1.56  1.08  0.95  0.79
  1.18  1.24  1.33  1.71  1.92  2.70  3.42  4.53  5.90  7.13  8.16  8.98  9.60 10.03 10.28 10.32 10.15  9.82  9.36  8.75  7.96  7.07  6.23  5.59  5.16  4.80  4.28  3.66  3.17  2.91  2.76  2.61  2.48  2.43  2.46  2.69  3.23  4.17  5.45  6.86  8.11  9.13  9.95 10.55 10.82 10.77 10.56 10.26  9.79  9.05  8.33  7.92  7.65  7.21  6.54  5.73  4.93  4.19  3.43  2.82  2.29  1.60  1.39  1.22
  1.82  1.94  2.03  2.59  2.93  3.87  4.78  6.01  7.21  8.27  9.14  9.80 10.29 10.63 10.81 10.83 10.64 10.26  9.70  8.94  8.00  6.99  6.10  5.46  5.08  4.84  4.48  3.94  3.44  3.12  2.90  2.70  2.51  2.39  2.35  2.52  3.01  3.90  5.18  6.64  8.01  9.13  9.97 10.50 10.67 10.58 10.40 10.20  9.93  9.39  8.74  8.34  8.10  7.76  7.23  6.58  5.95  5.34  4.70  3.93  3.24  2.40  2.06  1.89
  2.70  2.90  3.06  3.76  4.36  5.34  6.39  7.46  8.47  9.35 10.03 10.51 10.82 11.02 11.14 11.13 10.93 10.50  9.84  8.95  7.89  6.80  5.88  5.24  4.92  4.78  4.57  4.16  3.67  3.30  3.02  2.76  2.52  2.32  2.22  2.32  2.76  3.61  4.86  6.34  7.77  8.96  9.80 10.27 10.38 10.27 10.13 10.03  9.93  9.65  9.12  8.75  8.56  8.32  7.92  7.44  6.96  6.50  5.96  5.27  4.43  3.53  2.99  2.79
  3.84  4.11  4.48  5.27  6.15  7.05  7.96  8.86  9.68 10.35 10.80 11.04 11.13 11.18 11.22 11.19 10.99 10.53  9.79  8.81  7.66  6.54  5.61  4.98  4.68  4.62  4.56  4.28  3.85  3.45  3.12  2.79  2.49  2.22  2.07  2.12  2.50  3.29  4.50  5.97  7.43  8.65  9.49  9.91  9.97  9.87  9.79  9.77  9.82  9.78  9.45  9.14  9.01  8.86  8.61  8.29  7.97  7.65  7.22  6.60  5.82  4.97  4.22  3.92
  5.24  5.59  6.24  7.05  7.89  8.71  9.48 10.19 10.80 11.21 11.38 11.34 11.20 11.09 11.06 11.01 10.81 10.34  9.57  8.52  7.34  6.21  5.29  4.68  4.40  4.40  4.45  4.31  3.96  3.56  3.17  2.79  2.43  2.11  1.91  1.91  2.23  2.97  4.12  5.56  7.02  8.24  9.07  9.45  9.49  9.41  9.39  9.45  9.60  9.79  9.72  9.52  9.45  9.41  9.29  9.14  8.98  8.79  8.47  7.93  7.20  6.40  5.70  5.28
  6.84  7.26  7.96  8.78  9.58 10.29 10.91 11.42 11.77 11.89 11.74 11.39 11.01 10.76 10.67 10.62 10.44  9.98  9.20  8.14  6.96  5.85  4.95  4.35  4.10  4.14  4.27  4.26  3.99  3.60  3.19  2.76  2.34  1.98  1.74  1.69  1.96  2.64  3.73  5.12  6.55  7.76  8.56  8.92  8.96  8.91  8.96  9.09  9.31  9.67  9.90  9.86  9.88  9.94  9.97  9.98  9.98  9.93  9.71  9.25  8.57  7.82  7.17  6.81
  8.41  8.88  9.61 10.42 11.16 11.76 12.21 12.48 12.55 12.32 11.82 11.17 10.58 10.22 10.09 10.05  9.90  9.48  8.72  7.68  6.54  5.47  4.59  4.01  3.77  3.84  4.04  4.13  3.95  3.59  3.16  2.69  2.24  1.85  1.57  1.48  1.69  2.30  3.33  4.66  6.05  7.23  8.01  8.34  8.39  8.39  8.50  8.70  8.96  9.43  9.95 10.15 10.28 10.47 10.64 10.81 10.97 11.06 10.94 10.55  9.92  9.21  8.62  8.32
  9.92 10.42 11.16 11.93 12.59 13.05 13.30 13.32 13.05 12.47 11.62 10.70  9.96  9.52  9.37  9.35  9.24  8.87  8.16  7.18  6.09  5.07  4.23  3.66  3.43  3.52  3.78  3.94  3.85  3.53  3.09  2.60  2.13  1.72  1.40  1.26  1.41  1.96  2.93  4.20  5.53  6.67  7.41  7.73  7.80  7.86  8.04  8.30  8.59  9.09  9.86 10.36 10.66 10.97 11.30 11.63 11.95 12.16 12.14 11.82 11.24 10.57 10.02  9.77
 11.33 11.84 12.54 13.25 13.79 14.10 14.13 13.85 13.25 12.30 11.15 10.04  9.19  8.71  8.55  8.56  8.51  8.20  7.56  6.65  5.63  4.66  3.85  3.31  3.09  3.20  3.49  3.71  3.70  3.42  2.99  2.50  2.01  1.58  1.23  1.07  1.17  1.62  2.52  3.72  5.00  6.09  6.80  7.11  7.20  7.31  7.56  7.88  8.19  8.69  9.62 10.46 10.98 11.45 11.93 12.42 12.89 13.23 13.30 13.04 12.51 11.88 11.37 11.15
 12.58 13.06 13.70 14.29 14.69 14.81 14.60 14.03 13.09 11.84 10.47  9.23  8.32  7.82  7.67  7.71  7.72  7.48  6.92  6.10  5.15  4.24  3.48  2.95  2.74  2.86  3.18  3.46  3.51  3.28  2.87  2.38  1.89  1.44  1.05  0.91  0.97  1.28  2.11  3.24  4.46  5.50  6.17  6.47  6.59  6.76  7.08  7.46  7.77  8.24  9.24 10.41 11.21 11.87 12.52 13.17 13.78 14.24 14.39 14.19 13.69 13.09 12.61 12.41
 13.62 14.02 14.53 14.97 15.20 15.12 14.68 13.83 12.61 11.13  9.62  8.32  7.39  6.88  6.74  6.82  6.89  6.74  6.27  5.54  4.67  3.83  3.10  2.59  2.39  2.52  2.86  3.19  3.30  3.12  2.73  2.25  1.76  1.29  0.91  0.78  0.82  1.02  1.70  2.76  3.91  4.90  5.53  5.83  5.97  6.20  6.60  7.03  7.35  7.75  8.75 10.19 11.33 12.21 13.04 13.86 14.60 15.16 15.38 15.21 14.75 14.17 13.70 13.49
 14.35 14.62 14.96 15.22 15.26 15.00 14.34 13.28 11.86 10.23  8.65  7.33  6.41  5.91  5.79  5.91  6.04  5.98  5.60  4.97  4.19  3.41  2.72  2.23  2.04  2.18  2.54  2.91  3.07  2.93  2.58  2.12  1.63  1.15  0.79  0.69  0.70  0.83  1.35  2.28  3.36  4.29  4.89  5.18  5.35  5.64  6.12  6.60  6.92  7.25  8.16  9.78 11.28 12.44 13.46 14.44 15.30 15.93 16.20 16.06 15.61 15.04 14.56 14.31
 14.69 14.78 14.93 15.00 14.88 14.45 13.64 12.42 10.88  9.20  7.61  6.31  5.40  4.92  4.82  4.99  5.18  5.20  4.93  4.39  3.70  2.98  2.34  1.87  1.68  1.83  2.22  2.62  2.83  2.74  2.43  1.99  1.50  1.01  0.71  0.63  0.63  0.71  1.08  1.80  2.81  3.68  4.25  4.53  4.73  5.08  5.63  6.17  6.49  6.73  7.51  9.18 11.01 12.48 13.73 14.86 15.82 16.49 16.77 16.63 16.19 15.61 15.09 14.77
 14.57 14.48 14.45 14.35 14.09 13.54 12.63 11.34  9.76  8.08  6.52  5.25  4.37  3.91  3.85  4.05  4.32  4.42  4.25  3.81  3.22  2.56  1.95  1.50  1.33  1.49  1.89  2.33  2.58  2.55  2.27  1.85  1.37  0.88  0.65  0.60  0.60  0.64  0.87  1.40  2.26  3.07  3.60  3.88  4.11  4.52  5.14  5.74  6.06  6.21  6.82  8.42 10.50 12.29 13.77 15.04 16.06 16.73 16.98 16.81 16.36 15.77 15.21 14.80
 13.97 13.74 13.55 13.34 12.97 12.36 11.40 10.09  8.53  6.90  5.40  4.18  3.34  2.90  2.87  3.11  3.44  3.64  3.57  3.24  2.73  2.14  1.57  1.20  1.05  1.20  1.57  2.04  2.33  2.34  2.10  1.71  1.24  0.78  0.61  0.60  0.60  0.61  0.73  1.09  1.71  2.46  2.96  3.23  3.49  3.96  4.66  5.31  5.62  5.68  6.10  7.54  9.73 11.81 13.51 14.89 15.93 16.54 16.71 16.50 16.03 15.43 14.83 14.33
 12.95 12.61 12.33 12.04 11.62 10.98 10.02  8.74  7.23  5.68  4.25  3.10  2.46  2.08  2.06  2.31  2.57  2.85  2.88  2.66  2.24  1.72  1.25  0.97  0.85  0.97  1.28  1.74  2.08  2.14  1.94  1.58  1.30  0.71  0.60  0.60  0.60  0.60  0.64  0.87  1.27  1.85  2.31  2.57  2.87  3.40  4.17  4.88  5.19  5.14  5.36  6.58  8.73 10.99 12.87 14.33 15.32 15.81 15.86 15.59 15.11 14.53 13.93 13.38
 11.56 11.19 10.87 10.54 10.10  9.46  8.53  7.32  5.90  4.43  3.10  2.22  1.77  1.48  1.47  1.69  1.86  2.17  2.20  2.08  1.75  1.36  1.01  0.80  0.72  0.81  1.04  1.45  1.83  1.93  1.96  2.01  1.84  1.55  1.03  0.60  0.60  0.60  0.60  0.72  0.97  1.37  1.76  1.92  2.24  2.84  3.68  4.44  4.75  4.61  4.61  5.55  7.54  9.84 11.82 13.27 14.15 14.47 14.38 14.05 13.60 13.08 12.53 12.01
  9.91  9.57  9.25  8.90  8.46  7.85  6.98  5.85  4.53  3.18  2.17  1.56  1.26  1.06  1.06  1.21  1.34  1.62  1.64  1.59  1.35  1.08  0.83  0.69  0.65  0.69  0.86  1.19  1.58  1.85  2.28  2.37  2.27  2.08  1.73  0.89  0.60  0.60  0.60  0.63  0.78  1.03  1.33  1.40  1.72  2.28  3.20  4.01  4.31  4.07  3.86  4.49  6.20  8.40 10.34 11.71 12.40 12.52 12.28 11.93 11.55 11.16 10.73 10.30
  8.07  7.80  7.51  7.18  6.76  6.18  5.39  4.35  3.34  2.18  1.51  1.11  0.90  0.79  0.80  0.88  0.98  1.19  1.22  1.22  1.05  0.87  0.70  0.63  0.61  0.63  0.72  0.98  1.32  2.15  2.58  2.69  2.64  2.50  2.22  1.64  0.60  0.60  0.60  0.60  0.66  0.81  1.01  1.04  1.30  1.79  2.71  3.58  3.88  3.54  3.10  3.40  4.77  6.72  8.51  9.68 10.14 10.03  9.67  9.32  9.07  8.86  8.62  8.35
  6.11  5.94  5.71  5.41  5.02  4.49  3.98  3.10  2.38  1.48  1.06  0.82  0.69  0.65  0.65  0.68  0.76  0.88  0.93  0.94  0.84  0.72  0.63  0.60  0.60  0.60  0.64  0.82  1.52  2.44  2.85  2.98  2.97  2.87  2.62  2.14  1.20  0.60  0.60  0.60  0.61  0.68  0.79  0.81  1.00  1.38  2.22  3.15  3.44  3.00  2.34  2.48  3.51  4.88  6.38  7.28  7.45  7.59  7.18  6.88  6.73  6.28  6.28  6.23
  4.40  4.31  4.14  3.89  3.55  3.10  2.82  2.15  1.63  1.03  0.78  0.66  0.60  0.60  0.60  0.60  0.64  0.68  0.74  0.75  0.70  0.64  0.60  0.60  0.60  0.60  0.60  0.70  1.94  2.71  3.11  3.25  3.27  3.19  2.96  2.55  1.81  0.60  0.60  0.60  0.60  0.62  0.66  0.68  0.78  1.06  1.73  2.71  3.01  2.46  1.72  1.77  2.49  3.36  4.53  5.17  5.15  5.40  5.04  4.80  4.72  4.17  4.33  4.41
  3.04  3.00  2.88  2.69  2.43  2.08  1.90  1.45  1.09  0.76  0.65  0.60  0.60  0.60  0.60  0.60  0.60  0.60  0.64  0.64  0.63  0.60  0.60  0.60  0.60  0.60  0.60  1.02  2.32  2.98  3.35  3.52  3.55  3.48  3.27  2.89  2.26  1.01  0.60  0.60  0.60  0.60  0.60  0.62  0.65  0.82  1.34  2.28  2.57  1.93  1.26  1.25  1.69  2.23  3.08  3.50  3.39  3.54  3.27  3.11  3.07  2.66  2.86  2.99
  1.99  1.98  1.91  1.78  1.61  1.38  1.22  0.98  0.75  0.64  0.60  0.60  0.60  0.60  0.60  0.60  0.60  0.60  0.60  0.60  0.60  0.60  0.60  0.60  0.60  0.60  0.60  1.67  2.66  3.25  3.60  3.77  3.82  3.75  3.56  3.20  2.64  1.67  0.60  0.60  0.60  0.60  0.60  0.60  0.60  0.67  1.04  1.85  2.13  1.48  0.95  0.90  1.12  1.46  2.00  2.24  2.13  2.07  1.91  1.82  1.81  1.64  1.82  1.94
  1.25  1.25  1.22  1.15  1.05  0.93  0.79  0.71  0.60  0.60  0.60  0.60  0.60  0.60  0.60  0.60  0.60  0.60  0.60  0.60  0.60  0.60  0.60  0.60  0.60  0.60  0.60  2.14  2.97  3.51  3.84  4.01  4.06  4.00  3.82  3.49  2.97  2.14  0.60  0.60  0.60  0.60  0.60  0.60  0.60  0.60  0.83  1.47  1.70  1.14  0.75  0.69  0.76  0.96  1.24  1.36  1.28  1.07  1.01  0.98  0.98  1.02  1.13  1.21
  0.80  0.80  0.79  0.76  0.73  0.69  0.60  0.60  0.60  0.60  0.60  0.60  0.60  0.60  0.60  0.60  0.60  0.60  0.60  0.60  0.60  0.60  0.60  0.60  0.60  0.60  1.08  2.52  3.26  3.76  4.07  4.24  4.30  4.24  4.06  3.75  3.26  2.52  1.08  0.60  0.60  0.60  0.60  0.60  0.60  0.60  0.70  1.17  1.33  0.90  0.64  0.60  0.60  0.70  0.79  0.83  0.79  0.60  0.60  0.60  0.60  0.71  0.75  0.78
  0.60  0.60  0.60  0.60  0.60  0.60  0.60  0.60  0.60  0.60  0.60  0.60  0.60  0.60  0.60  0.60  0.60  0.60  0.60  0.60  0.60  0.60  0.60  0.60  0.60  0.60  1.69  2.85  3.53  3.99  4.30  4.46  4.52  4.46  4.29  3.99  3.53  2.85  1.69  0.60  0.60  0.60  0.60  0.60  0.60  0.60  0.63  0.93  1.05  0.73  0.60  0.60  0.60  0.60  0.60  0.60  0.60  0.60  0.60  0.60  0.60  0.60  0.60  0.60
  0.60  0.60  0.60  0.60  0.60  0.60  0.60  0.60  0.60  0.60  0.60  0.60  0.60  0.60  0.60  0.60  0.60  0.60  0.60  0.60  0.60  0.60  0.60  0.60  0.60  0.60  2.14  3.15  3.79  4.22  4.51  4.68  4.73  4.68  4.51  4.22  3.79  3.15  2.14  0.60  0.60  0.60  0.60  0.60  0.60  0.60  0.60  0.76  0.85  0.64  0.60  0.60  0.60  0.60  0.60  0.60  0.60  0.60  0.60  0.60  0.60  0.60  0.60  0.60
  0.60  0.60  0.60  0.60  0.60  0.60  0.60  0.60  0.60  0.60  0.60  0.60  0.60  0.60  0.60  0.60  0.60  0.60  0.60  0.60  0.60  0.60  0.60  0.60  0.60  0.60  2.50  3.42  4.02  4.44  4.72  4.88  4.93  4.88  4.72  4.44  4.02  3.42  2.50  0.60  0.60  0.60  0.60  0.60  0.60  0.60  0.60  0.65  0.71  0.60  0.60  0.60  0.60  0.60  0.60  0.60  0.60  0.60  0.60  0.60  0.60  0.60  0.60  0.60
  0.60  0.60  0.60  0.60  0.60  0.60  0.60  0.60  0.60  0.60  0.60  0.60  0.60  0.60  0.60  0.60  0.60  0.60  0.60  0.60  0.60  0.60  0.60  0.60  0.60  1.27  2.82  3.67  4.24  4.65  4.92  5.08  5.13  5.08  4.92  4.65  4.24  3.67  2.82  1.27  0.60  0.60  0.60  0.60  0.60  0.60  0.60  0.60  0.63  0.60  0.60  0.60  0.60  0.60  0.60  0.60  0.60  0.60  0.60  0.60  0.60  0.60  0.60  0.60
  0.60  0.60  0.60  0.60  0.60  0.60  0.60  0.60  0.60  0.60  0.60  0.60  0.60  0.60  0.60  0.60  0.60  0.60  0.60  0.60  0.60  0.60  0.60  0.60  0.60  1.79  3.11  3.90  4.46  4.85  5.11  5.26  5.31  5.26  5.11  4.85  4.46  3.90  3.11  1.79  0.60  0.60  0.60  0.60  0.60  0.60  0.60  0.60  0.60  0.60  0.60  0.60  0.60  0.60  0.60  0.60  0.60  0.60  0.60  0.60  0.60  0.60  0.60  0.60
  0.60  0.60  0.60  0.60  0.60  0.60  0.60  0.60  0.60  0.60  0.60  0.60  0.60  0.60  0.60  0.60  0.60  0.60  0.60  0.60  0.60  0.60  0.60  0.60  0.60  2.20  3.37  4.12  4.66  5.04  5.30  5.45  5.49  5.45  5.30  5.04  4.66  4.12  3.37  2.20  0.60  0.60  0.60  0.60  0.60  0.60  0.60  0.60  0.60  0.60  0.60  0.60  0.60  0.60  0.60  0.60  0.60  0.60  0.60  0.60  0.60  0.60  0.60  0.60
  0.60  0.60  0.60  0.60  0.60  0.60  0.60  0.60  0.60  0.60  0.60  0.60  0.60  0.60  0.60  0.60  0.60  0.60  0.60  0.60  0.60  0.60  0.60  0.60  0.60  2.54  3.61  4.33  4.85  5.22  5.47  5.62  5.67  5.62  5.47  5.22  4.85  4.33  3.61  2.54  0.60  0.60  0.60  0.60  0.60  0.60  0.60  0.60  0.60  0.60  0.60  0.60  0.60  0.60  0.60  0.60  0.60  0.60  0.60  0.60  0.60  0.60  0.60  0.60
  0.60  0.60  0.60  0.60  0.60  0.60  0.60  0.60  0.60  0.60  0.60  0.60  0.60  0.60  0.60  0.60  0.60  0.60  0.60  0.60  0.60  0.60  0.60  0.60  0.60  2.84  3.84  4.53  5.03  5.40  5.65  5.79  5.84  5.79  5.65  5.40  5.03  4.53  3.84  2.84  0.60  0.60  0.60  0.60  0.60  0.60  0.60  0.60  0.60  0.60  0.60  0.60  0.60  0.60  0.60  0.60  0.60  0.60  0.60  0.60  0.60  0.60  0.60  0.60
  0.60  0.60  0.60  0.60  0.60  0.60  0.60  0.60  0.60  0.60  0.60  0.60  0.60  0.60  0.60  0.60  0.60  0.60  0.60  0.60  0.60  0.60  0.60  0.60  1.42  3.11  4.06  4.72  5.21  5.57  5.81  5.95  6.00  5.95  5.81  5.57  5.21  4.72  4.06  3.11  1.42  0.60  0.60  0.60  0.60  0.60  0.60  0.60  0.60  0.60  0.60  0.60  0.60  0.60  0.60  0.60  0.60  0.60  0.60  0.60  0.60  0.60  0.60  0.60
  0.60  0.60  0.60  0.60  0.60  0.60  0.60  0.60  0.60  0.60  0.60  0.60  0.60  0.60  0.60  0.60  0.60  0.60  0.60  0.60  0.60  0.60  0.60  0.60  1.88  3.36  4.26  4.91  5.39  5.74  5.97  6.11  6.16  6.11  5.97  5.74  5.39  4.91  4.26  3.36  1.88  0.60  0.60  0.60  0.60  0.60  0.60  0.60  0.60  0.60  0.60  0.60  0.60  0.60  0.60  0.60  0.60  0.60  0.60  0.60  0.60  0.60  0.60  0.60
  0.60  0.60  0.60  0.60  0.60  0.60  0.60  0.60  0.60  0.60  0.60  0.60  0.60  0.60  0.60  0.60  0.60  0.60  0.60  0.60  0.60  0.60  0.60  0.60  2.24  3.59  4.45  5.08  5.55  5.90  6.13  6.27  6.32  6.27  6.13  5.90  5.55  5.08  4.45  3.59  2.24  0.60  0.60  0.60  0.60  0.60  0.60  0.60  0.60  0.60  0.60  0.60  0.60  0.60  0.60  0.60  0.60  0.60  0.60  0.60  0.60  0.60  0.60  0.60
  0.60  0.60  0.60  0.60  0.60  0.60  0.60  0.60  0.60  0.60  0.60  0.60  0.60  0.60  0.60  0.60  0.60  0.60  0.60  0.60  0.60  0.60  0.60  0.60  2.56  3.81  4.64  5.25  5.71  6.05  6.29  6.42  6.47  6.42  6.29  6.05  5.71  5.25  4.64  3.81  2.56  0.60  0.60  0.60  0.60  0.60  0.60  0.60  0.60  0.60  0.60  0.60  0.60  0.60  0.60  0.60  0.60  0.60  0.60  0.60  0.60  0.60  0.60  0.60
  0.60  0.60  0.60  0.60  0.60  0.60  0.60  0.60  0.60  0.60  0.60  0.60  0.60  0.60  0.60  0.60  0.60  0.60  0.60  0.60  0.60  0.60  0.60  0.60  2.84  4.01  4.82  5.42  5.87  6.20  6.43  6.57  6.61  6.57  6.43  6.20  5.87  5.42  4.82  4.01  2.84  0.60  0.60  0.60  0.60  0.60  0.60  0.60  0.60  0.60  0.60  0.60  0.60  0.60  0.60  0.60  0.60  0.60  0.60  0.60  0.60  0.60  0.60  0.60
  0.60  0.60  0.60  0.60  0.60  0.60  0.60  0.60  0.60  0.60  0.60  0.60  0.60  0.60  0.60  0.60  0.60  0.60  0.60  0.60  0.60  0.60  0.60  0.79  3.09  4.21  4.99  5.58  6.02  6.35  6.58  6.71  6.76  6.71  6.58  6.35  6.02  5.58  4.99  4.21  3.09  0.79  0.60  0.60  0.60  0.60  0.60  0.60  0.60  0.60  0.60  0.60  0.60  0.60  0.60  0.60  0.60  0.60  0.60  0.60  0.60  0.60  0.60  0.60
  0.60  0.60  0.60  0.60  0.60  0.60  0.60  0.60  0.60  0.60  0.60  0.60  0.60  0.60  0.60  0.60  0.60  0.60  0.60  0.60  0.60  0.60  0.60  1.42  3.33  4.39  5.16  5.73  6.17  6.50  6.72  6.86  6.90  6.86  6.72  6.50  6.17  5.73  5.16  4.39  3.33  1.42  0.60  0.60  0.60  0.60  0.60  0.60  0.60  0.60  0.60  0.60  0.60  0.60  0.60  0.60  0.60  0.60  0.60  0.60  0.60  0.60  0.60  0.60
  0.60  0.60  0.60  0.60  0.60  0.60  0.60  0.60  0.60  0.60  0.60  0.60  0.60  0.60  0.60  0.60  0.60  0.60  0.60  0.60  0.60  0.60  0.60  1.85  3.55  4.57  5.32  5.88  6.32  6.64  6.86  6.99  7.04  6.99  6.86  6.64  6.32  5.88  5.32  4.57  3.55  1.85  0.60  0.60  0.60  0.60  0.60  0.60  0.60  0.60  0.60  0.60  0.60  0.60  0.60  0.60  0.60  0.60  0.60  0.60  0.60  0.60  0.60  0.60
  0.60  0.60  0.60  0.60  0.60  0.60  0.60  0.60  0.60  0.60  0.60  0.60  0.60  0.60  0.60  0.60  0.60  0.60  0.60  0.60  0.60  0.60  0.60  2.20  3.76  4.74  5.47  6.03  6.46  6.78  7.00  7.13  7.17  7.13  7.00  6.78  6.46  6.03  5.47  4.74  3.76  2.20  0.60  0.60  0.60  0.60  0.60  0.60  0.60  0.60  0.60  0.60  0.60  0.60  0.60  0.60  0.60  0.60  0.60  0.60  0.60  0.60  0.60  0.60
  0.60  0.60  0.60  0.60  0.60  0.60  0.60  0.60  0.60  0.60  0.60  0.60  0.60  0.60  0.60  0.60  0.60  0.60  0.60  0.60  0.60  0.60  0.60  2.50  3.95  4.91  5.62  6.18  6.60  6.91  7.13  7.26  7.30  7.26  7.13  6.91  6.60  6.18  5.62  4.91  3.95  2.50  0.60  0.60  0.60  0.60  0.60  0.60  0.60  0.60  0.60  0.60  0.60  0.60  0.60  0.60  0.60  0.60  0.60  0.60  0.60  0.60  0.60  0.60
  0.60  0.60  0.60  0.60  0.60  0.60  0.60  0.60  0.60  0.60  0.60  0.60  0.60  0.60  0.60  0.60  0.60  0.60  0.60  0.60  0.60  0.60  0.60  2.77  4.14  5.07  5.77  6.31  6.73  7.05  7.26  7.39  7.43  7.39  7.26  7.05  6.73  6.31  5.77  5.07  4.14  2.77  0.60  0.60  0.60  0.60  0.60  0.60  0.60  0.60  0.60  0.60  0.60  0.60  0.60  0.60  0.60  0.60  0.60  0.60  0.60  0.60  0.60  0.60
  0.60  0.60  0.60  0.60  0.60  0.60  0.60  0.60  0.60  0.60  0.60  0.60  0.60  0.60  0.60  0.60  0.60  0.60  0.60  0.60  0.60  0.60  0.60  3.01  4.32  5.23  5.92  6.45  6.87  7.18  7.39  7.52  7.56  7.52  7.39  7.18  6.87  6.45  5.92  5.23  4.32  3.01  0.60  0.60  0.60  0.60  0.60  0.60  0.60  0.60  0.60  0.60  0.60  0.60  0.60  0.60  0.60  0.60  0.60  0.60  0.60  0.60  0.60  0.60
  0.60  0.60  0.60  0.60  0.60  0.60  0.60  0.60  0.60  0.60  0.60  0.60  0.60  0.60  0.60  0.60  0.60  0.60  0.60  0.60  0.60  0.60  0.60  3.24  4.49  5.38  6.05  6.58  7.00  7.30  7.52  7.64  7.68  7.64  7.52  7.30  7.00  6.58  6.05  5.38  4.49  3.24  0.60  0.60  0.60  0.60  0.60  0.60  0.60  0.60  0.60  0.60  0.60  0.60  0.60  0.60  0.60  0.60  0.60  0.60  0.60  0.60  0.60  0.60
  0.60  0.60  0.60  0.60  0.60  0.60  0.60  0.60  0.60  0.60  0.60  0.60  0.60  0.60  0.60  0.60  0.60  0.60  0.60  0.60  0.60  0.60  1.15  3.45  4.65  5.52  6.19  6.72  7.12  7.43  7.64  7.76  7.81  7.76  7.64  7.43  7.12  6.72  6.19  5.52  4.65  3.45  1.15  0.60  0.60  0.60  0.60  0.60  0.60  0.60  0.60  0.60  0.60  0.60  0.60  0.60  0.60  0.60  0.60  0.60  0.60  0.60  0.60  0.60
  0.60  0.60  0.60  0.60  0.60  0.60  0.60  0.60  0.60  0.60  0.60  0.60  0.60  0.60  0.60  0.60  0.60  0.60  0.60  0.60  0.60  0.60  1.62  3.65  4.81  5.66  6.32  6.84  7.25  7.55  7.76  7.88  7.93  7.88  7.76  7.55  7.25  6.84  6.32  5.66  4.81  3.65  1.62  0.60  0.60  0.60  0.60  0.60  0.60  0.60  0.60  0.60  0.60  0.60  0.60  0.60  0.60  0.60  0.60  0.60  0.60  0.60  0.60  0.60
  0.60  0.60  0.60  0.60  0.60  0.60  0.60  0.60  0.60  0.60  0.60  0.60  0.60  0.60  0.60  0.60  0.60  0.60  0.60  0.60  0.60  0.60  1.98  3.83  4.97  5.80  6.45  6.97  7.37  7.67  7.88  8.00  8.04  8.00  7.88  7.67  7.37  6.97  6.45  5.80  4.97  3.84  1.98  0.60  0.60  0.60  0.60  0.60  0.60  0.60  0.60  0.60  0.60  0.60  0.60  0.60  0.60  0.60  0.60  0.60  0.60  0.60  0.60  0.60
  0.60  0.60  0.60  0.60  0.60  0.60  0.60  0.60  0.60  0.60  0.60  0.60  0.60  0.60  0.60  0.60  0.60  0.60  0.60  0.60  0.60  0.60  2.29  4.01  5.11  5.94  6.58  7.09  7.49  7.79  8.00  8.12  8.16  8.12  8.00  7.79  7.49  7.09  6.58  5.94  5.11  4.01  2.29  0.60  0.60  0.60  0.60  0.60  0.60  0.60  0.60  0.60  0.60  0.60  0.60  0.60  0.60  0.60  0.60  0.60  0.60  0.60  0.60  0.60
  0.60  0.60  0.60  0.60  0.60  0.60  0.60  0.60  0.60  0.60  0.60  0.60  0.60  0.60  0.60  0.60  0.60  0.60  0.60  0.60  0.60  0.60  2.56  4.19  5.26  6.07  6.71  7.21  7.61  7.90  8.11  8.23  8.27  8.23  8.11  7.90  7.61  7.21  6.71  6.07  5.26  4.19  2.56  0.60  0.60  0.60  0.60  0.60  0.60  0.60  0.60  0.60  0.60  0.60  0.60  0.60  0.60  0.60  0.60  0.60  0.60  0.60  0.60  0.60
  0.60  0.60  0.60  0.60  0.60  0.60  0.60  0.60  0.60  0.60  0.60  0.60  0.60  0.60  0.60  0.60  0.60  0.60  0.60  0.60  0.60  0.60  2.80  4.35  5.40  6.20  6.83  7.33  7.72  8.02  8.22  8.35  8.39  8.35  8.22  8.02  7.72  7.33  6.83  6.20  5.40  4.35  2.80  0.60  0.60  0.60  0.60  0.60  0.60  0.60  0.60  0.60  0.60  0.60  0.60  0.60  0.60  0.60  0.60  0.60  0.60  0.60  0.60  0.60
  0.60  0.60  0.60  0.60  0.60  0.60  0.60  0.60  0.60  0.60  0.60  0.60  0.60  0.60  0.60  0.60  0.60  0.60  0.60  0.60  0.60  0.60  3.02  4.51  5.53  6.32  6.95  7.45  7.84  8.13  8.33  8.46  8.50  8.46  8.33  8.13  7.84  7.45  6.95  6.32  5.54  4.51  3.02  0.60  0.60  0.60  0.60  0.60  0.60  0.60  0.60  0.60  0.60  0.60  0.60  0.60  0.60  0.60  0.60  0.60  0.60  0.60  0.60  0.60
  0.60  0.60  0.60  0.60  0.60  0.60  0.60  0.60  0.60  0.60  0.60  0.60  0.60  0.60  0.60  0.60  0.60  0.60  0.60  0.60  0.60  0.60  3.23  4.66  5.67  6.45  7.07  7.56  7.95  8.24  8.44  8.57  8.61  8.57  8.44  8.24  7.95  7.56  7.07  6.45  5.67  4.66  3.23  0.60  0.60  0.60  0.60  0.60  0.60  0.60  0.60  0.60  0.60  0.60  0.60  0.60  0.60  0.60  0.60  0.60  0.60  0.60  0.60  0.60
  0.60  0.60  0.60  0.60  0.60  0.60  0.60  0.60  0.60  0.60  0.60  0.60  0.60  0.60  0.60  0.60  0.60  0.60  0.60  0.60  0.60  0.60  3.43  4.81  5.80  6.57  7.18  7.67  8.06  8.35  8.55  8.67  8.71  8.67  8.55  8.35  8.06  7.67  7.18  6.57  5.80  4.81  3.43  0.60  0.60  0.60  0.60  0.60  0.60  0.60  0.60  0.60  0.60  0.60  0.60  0.60  0.60  0.60  0.60  0.60  0.60  0.60  0.60  0.60
  0.60  0.60  0.60  0.60  0.60  0.60  0.60  0.60  0.60  0.60  0.60  0.60  0.60  0.60  0.60  0.60  0.60  0.60  0.60  0.60  0.60  0.88  3.61  4.95  5.92  6.69  7.29  7.78  8.16  8.45  8.66  8.78  8.82  8.78  8.66  8.45  8.16  7.78  7.29  6.69  5.92  4.95  3.61  0.88  0.60  0.60  0.60  0.60  0.60  0.60  0.60  0.60  0.60  0.60  0.60  0.60  0.60  0.60  0.60  0.60  0.60  0.60  0.60  0.60
  0.60  0.60  0.60  0.60  0.60  0.60  0.60  0.60  0.60  0.60  0.60  0.60  0.60  0.60  0.60  0.60  0.60  0.60  0.60  0.60  0.60  1.40  3.79  5.09  6.05  6.80  7.41  7.89  8.27  8.56  8.76  8.88  8.92  8.88  8.76  8.56  8.27  7.89  7.41  6.80  6.05  5.09  3.79  1.40  0.60  0.60  0.60  0.60  0.60  0.60  0.60  0.60  0.60  0.60  0.60  0.60  0.60  0.60  0.60  0.60  0.60  0.60  0.60  0.60
  0.60  0.60  0.60  0.60  0.60  0.60  0.60  0.60  0.60  0.60  0.60  0.60  0.60  0.60  0.60  0.60  0.60  0.60  0.60  0.60  0.60  1.78  3.95  5.22  6.17  6.92  7.51  8.00  8.38  8.66  8.86  8.98  9.02  8.98  8.86  8.66  8.38  8.00  7.52  6.92  6.17  5.22  3.95  1.78  0.60  0.60  0.60  0.60  0.60  0.60  0.60  0.60  0.60  0.60  0.60  0.60  0.60  0.60  0.60  0.60  0.60  0.60  0.60  0.60
  0.60  0.60  0.60  0.60  0.60  0.60  0.60  0.60  0.60  0.60  0.60  0.60  0.60  0.60  0.60  0.60  0.60  0.60  0.60  0.60  0.60  2.09  4.11  5.36  6.29  7.03  7.62  8.10  8.48  8.77  8.97  9.08  9.12  9.08  8.97  8.77  8.48  8.10  7.62  7.03  6.29  5.36  4.11  2.09  0.60  0.60  0.60  0.60  0.60  0.60  0.60  0.60  0.60  0.60  0.60  0.60  0.60  0.60  0.60  0.60  0.60  0.60  0.60  0.60
  0.60  0.60  0.60  0.60  0.60  0.60  0.60  0.60  0.60  0.60  0.60  0.60  0.60  0.60  0.60  0.60  0.60  0.60  0.60  0.60  0.60  2.36  4.27  5.48  6.40  7.14  7.73  8.20  8.58  8.87  9.07  9.18  9.22  9.18  9.07  8.87  8.58  8.20  7.73  7.14  6.40  5.48  4.27  2.36  0.60  0.60  0.60  0.60  0.60  0.60  0.60  0.60  0.60  0.60  0.60  0.60  0.60  0.60  0.60  0.60  0.60  0.60  0.60  0.60
  0.60  0.60  0.60  0.60  0.60  0.60  0.60  0.60  0.60  0.60  0.60  0.60  0.60  0.60  0.60  0.60  0.60  0.60  0.60  0.60  0.60  2.60  4.42  5.61  6.52  7.24  7.83  8.31  8.68  8.96  9.16  9.28  9.32  9.28  9.16  8.96  8.68  8.31  7.83  7.24  6.52  5.61  4.42  2.60  0.60  0.60  0.60  0.60  0.60  0.60  0.60  0.60  0.60  0.60  0.60  0.60  0.60  0.60  0.60  0.60  0.60  0.60  0.60  0.60
  0.60  0.60  0.60  0.60  0.60  0.60  0.60  0.60  0.60  0.60  0.60  0.60  0.60  0.60  0.60  0.60  0.60  0.60  0.60  0.60  0.60  2.82  4.56  5.73  6.63  7.35  7.93  8.41  8.78  9.06  9.26  9.38  9.42  9.38  9.26  9.06  8.78  8.41  7.93  7.35  6.63  5.73  4.56  2.82  0.60  0.60  0.60  0.60  0.60  0.60  0.60  0.60  0.60  0.60  0.60  0.60  0.60  0.60  0.60  0.60  0.60  0.60  0.60  0.60
  0.60  0.60  0.60  0.60  0.60  0.60  0.60  0.60  0.60  0.60  0.60  0.60  0.60  0.60  0.60  0.60  0.60  0.60  0.60  0.60  0.60  3.02  4.70  5.85  6.74  7.45  8.04  8.50  8.88  9.16  9.36  9.47  9.51  9.47  9.36  9.16  8.88  8.50  8.04  7.45  6.74  5.85  4.70  3.02  0.60  0.60  0.60  0.60  0.60  0.60  0.60  0.60  0.60  0.60  0.60  0.60  0.60  0.60  0.60  0.60  0.60  0.60  0.60  0.60
  0.60  0.60  0.60  0.60  0.60  0.60  0.60  0.60  0.60  0.60  0.60  0.60  0.60  0.60  0.60  0.60  0.60  0.60  0.60  0.60  0.60  3.21  4.84  5.97  6.85  7.56  8.13  8.60  8.97  9.25  9.45  9.57  9.61  9.57  9.45  9.25  8.97  8.60  8.13  7.56  6.85  5.97  4.84  3.21  0.60  0.60  0.60  0.60  0.60  0.60  0.60  0.60  0.60  0.60  0.60  0.60  0.60  0.60  0.60  0.60  0.60  0.60  0.60  0.60
  0.60  0.60  0.60  0.60  0.60  0.60  0.60  0.60  0.60  0.60  0.60  0.60  0.60  0.60  0.60  0.60  0.60  0.60  0.60  0.60  0.60  3.39  4.97  6.08  6.95  7.66  8.23  8.70  9.07  9.35  9.54  9.66  9.70  9.66  9.54  9.35  9.07  8.70  8.23  7.66  6.95  6.08  4.97  3.39  0.60  0.60  0.60  0.60  0.60  0.60  0.60  0.60  0.60  0.60  0.60  0.60  0.60  0.60  0.60  0.60  0.60  0.60  0.60  0.60
  0.60  0.60  0.60  0.60  0.60  0.60  0.60  0.60  0.60  0.60  0.60  0.60  0.60  0.60  0.60  0.60  0.60  0.60  0.60  0.60  0.60  3.57  5.09  6.19  7.06  7.76  8.33  8.79  9.16  9.44  9.64  9.75  9.79  9.75  9.64  9.44  9.16  8.79  8.33  7.76  7.06  6.19  5.09  3.57  0.60  0.60  0.60  0.60  0.60  0.60  0.60  0.60  0.60  0.60  0.60  0.60  0.60  0.60  0.60  0.60  0.60  0.60  0.60  0.60
  0.60  0.60  0.60  0.60  0.60  0.60  0.60  0.60  0.60  0.60  0.60  0.60  0.60  0.60  0.60  0.60  0.60  0.60  0.60  0.60  0.60  3.73  5.22  6.30  7.16  7.85  8.42  8.88  9.25  9.53  9.73  9.84  9.88  9.84  9.73  9.53  9.25  8.88  8.42  7.85  7.16  6.30  5.22  3.73  0.60  0.60  0.60  0.60  0.60  0.60  0.60  0.60  0.60  0.60  0.60  0.60  0.60  0.60  0.60  0.60  0.60  0.60  0.60  0.60
  0.60  0.60  0.60  0.60  0.60  0.60  0.60  0.60  0.60  0.60  0.60  0.60  0.60  0.60  0.60  0.60  0.60  0.60  0.60  0.60  0.97  3.88  5.34  6.41  7.26  7.95  8.52  8.98  9.34  9.62  9.82  9.93  9.97  9.93  9.82  9.62  9.34  8.98  8.52  7.95  7.26  6.41  5.34  3.88  0.97  0.60  0.60  0.60  0.60  0.60  0.60  0.60  0.60  0.60  0.60  0.60  0.60  0.60  0.60  0.60  0.60  0.60  0.60  0.60
  0.60  0.60  0.60  0.60  0.60  0.60  0.60  0.60  0.60  0.60  0.60  0.60  0.60  0.60  0.60  0.60  0.60  0.60  0.60  0.60  1.42  4.03  5.46  6.52  7.36  8.04  8.61  9.07  9.43  9.71  9.90 10.02 10.06 10.02  9.90  9.71  9.43  9.07  8.61  8.04  7.36  6.52  5.46  4.03  1.42  0.60  0.60  0.60  0.60  0.60  0.60  0.60  0.60  0.60  0.60  0.60  0.60  0.60  0.60  0.60  0.60  0.60  0.60  0.60
  0.60  0.60  0.60  0.60  0.60  0.60  0.60  0.60  0.60  0.60  0.60  0.60  0.60  0.60  0.60  0.60  0.60  0.60  0.60  0.60  1.77  4.18  5.57  6.62  7.45  8.14  8.70  9.16  9.52  9.80  9.99 10.11 10.15 10.11  9.99  9.80  9.52  9.16  8.70  8.14  7.45  6.62  5.57  4.18  1.77  0.60  0.60  0.60  0.60  0.60  0.60  0.60  0.60  0.60  0.60  0.60  0.60  0.60  0.60  0.60  0.60  0.60  0.60  0.60
  0.60  0.60  0.60  0.60  0.60  0.60  0.60  0.60  0.60  0.60  0.60  0.60  0.60  0.60  0.60  0.60  0.60  0.60  0.60  0.60  2.05  4.32  5.69  6.72  7.55  8.23  8.79  9.24  9.61  9.88 10.08 10.19 10.23 10.19 10.08  9.88  9.61  9.24  8.79  8.23  7.55  6.72  5.69  4.32  2.05  0.60  0.60  0.60  0.60  0.60  0.60  0.60  0.60  0.60  0.60  0.60  0.60  0.60  0.60  0.60  0.60  0.60  0.60  0.60
  0.60  0.60  0.60  0.60  0.60  0.60  0.60  0.60  0.60  0.60  0.60  0.60  0.60  0.60  0.60  0.60  0.60  0.60  0.60  0.60  2.30  4.45  5.80  6.82  7.64  8.32  8.88  9.33  9.69  9.97 10.16 10.28 10.32 10.28 10.16  9.97  9.69  9.33  8.88  8.32  7.64  6.82  5.80  4.45  2.30  0.60  0.60  0.60  0.60  0.60  0.60  0.60  0.60  0.60  0.60  0.60  0.60  0.60  0.60  0.60  0.60  0.60  0.60  0.60
  0.60  0.60  0.60  0.60  0.60  0.60  0.60  0.60  0.60  0.60  0.60  0.60  0.60  0.60  0.60  0.60  0.60  0.60  0.60  0.60  2.53  4.58  5.91  6.92  7.74  8.41  8.96  9.42  9.78 10.05 10.25 10.36 10.40 10.36 10.25 10.05  9.78  9.42  8.96  8.41  7.74  6.92  5.91  4.58  2.53  0.60  0.60  0.60  0.60  0.60  0.60  0.60  0.60  0.60  0.60  0.60  0.60  0.60  0.60  0.60  0.60  0.60  0.60  0.60
  0.60  0.60  0.60  0.60  0.60  0.60  0.60  0.60  0.60  0.60  0.60  0.60  0.60  0.60  0.60  0.60  0.60  0.60  0.60  0.60  2.74  4.71  6.01  7.02  7.83  8.50  9.05  9.50  9.86 10.13 10.33 10.44 10.48 10.44 10.33 10.13  9.86  9.50  9.05  8.50  7.83  7.02  6.01  4.71  2.74  0.60  0.60  0.60  0.60  0.60  0.60  0.60  0.60  0.60  0.60  0.60  0.60  0.60  0.60  0.60  0.60  0.60  0.60  0.60
  0.60  0.60  0.60  0.60  0.60  0.60  0.60  0.60  0.60  0.60  0.60  0.60  0.60  0.60  0.60  0.60  0.60  0.60  0.60  0.60  2.93  4.83  6.12  7.11  7.92  8.58  9.13  9.58  9.94 10.22 10.41 10.52 10.56 10.52 10.41 10.22  9.94  9.58  9.13  8.58  7.92  7.11  6.12  4.83  2.93  0.60  0.60  0.60  0.60  0.60  0.60  0.60  0.60  0.60  0.60  0.60  0.60  0.60  0.60  0.60  0.60  0.60  0.60  0.60
  0.60  0.60  0.60  0.60  0.60  0.60  0.60  0.60  0.60  0.60  0.60  0.60  0.60  0.60  0.60  0.60  0.60  0.60  0.60  0.60  3.11  4.95  6.22  7.20  8.01  8.67  9.22  9.67 10.02 10.30 10.49 10.60 10.64 10.60 10.49 10.30 10.02  9.67  9.22  8.67  8.01  7.20  6.22  4.95  3.11  0.60  0.60  0.60  0.60  0.60  0.60  0.60  0.60  0.60  0.60  0.60  0.60  0.60  0.60  0.60  0.60  0.60  0.60  0.60
  0.60  0.60  0.60  0.60  0.60  0.60  0.60  0.60  0.60  0.60  0.60  0.60  0.60  0.60  0.60  0.60  0.60  0.60  0.60  0.60  3.28  5.07  6.32  7.30  8.09  8.75  9.30  9.75 10.10 10.38 10.57 10.68 10.72 10.68 10.57 10.38 10.10  9.75  9.30  8.75  8.09  7.30  6.32  5.07  3.28  0.60  0.60  0.60  0.60  0.60  0.60  0.60  0.60  0.60  0.60  0.60  0.60  0.60  0.60  0.60  0.60  0.60  0.60  0.60
  0.60  0.60  0.60  0.60  0.60  0.60  0.60  0.60  0.60  0.60  0.60  0.60  0.60  0.60  0.60  0.60  0.60  0.60  0.60  0.60  3.44  5.19  6.42  7.39  8.18  8.84  9.38  9.83 10.18 10.46 10.65 10.76 10.80 10.76 10.65 10.46 10.18  9.83  9.38  8.84  8.18  7.39  6.42  5.19  3.44  0.60  0.60  0.60  0.60  0.60  0.60  0.60  0.60  0.60  0.60  0.60  0.60  0.60  0.60  0.60  0.60  0.60  0.60  0.60
  0.60  0.60  0.60  0.60  0.60  0.60  0.60  0.60  0.60  0.60  0.60  0.60  0.60  0.60  0.60  0.60  0.60  0.60  0.60  0.60  3.59  5.30  6.51  7.48  8.27  8.92  9.46  9.91 10.26 10.53 10.73 10.84 10.88 10.84 10.73 10.53 10.26  9.91  9.46  8.92  8.27  7.48  6.51  5.30  3.60  0.60  0.60  0.60  0.60  0.60  0.60  0.60  0.60  0.60  0.60  0.60  0.60  0.60  0.60  0.60  0.60  0.60  0.60  0.60
  0.60  0.60  0.60  0.60  0.60  0.60  0.60  0.60  0.60  0.60  0.60  0.60  0.60  0.60  0.60  0.60  0.60  0.60  0.60  0.60  3.74  5.41  6.61  7.56  8.35  9.00  9.54  9.99 10.34 10.61 10.80 10.92 10.95 10.92 10.80 10.61 10.34  9.99  9.54  9.00  8.35  7.56  6.61  5.41  3.74  0.60  0.60  0.60  0.60  0.60  0.60  0.60  0.60  0.60  0.60  0.60  0.60  0.60  0.60  0.60  0.60  0.60  0.60  0.60
  0.60  0.60  0.60  0.60  0.60  0.60  0.60  0.60  0.60  0.60  0.60  0.60  0.60  0.60  0.60  0.60  0.60  0.60  0.60  0.60  3.88  5.51  6.70  7.65  8.43  9.08  9.62 10.06 10.42 10.69 10.88 10.99 11.03 10.99 10.88 10.69 10.42 10.06  9.62  9.08  8.43  7.65  6.70  5.51  3.89  0.60  0.60  0.60  0.60  0.60  0.60  0.60  0.60  0.60  0.60  0.60  0.60  0.60  0.60  0.60  0.60  0.60  0.60  0.60
  0.60  0.60  0.60  0.60  0.60  0.60  0.60  0.60  0.60  0.60  0.60  0.60  0.60  0.60  0.60  0.60  0.60  0.60  0.60  0.60  4.02  5.62  6.80  7.74  8.51  9.16  9.70 10.14 10.49 10.76 10.95 11.07 11.10 11.07 10.95 10.76 10.49 10.14  9.70  9.16  8.51  7.74  6.80  5.62  4.02  0.60  0.60  0.60  0.60  0.60  0.60  0.60  0.60  0.60  0.60  0.60  0.60  0.60  0.60  0.60  0.60  0.60  0.60  0.60
  0.60  0.60  0.60  0.60  0.60  0.60  0.60  0.60  0.60  0.60  0.60  0.60  0.60  0.60  0.60  0.60  0.60  0.60  0.60  1.07  4.15  5.72  6.89  7.82  8.59  9.24  9.77 10.21 10.57 10.84 11.03 11.14 11.18 11.14 11.03 10.84 10.57 10.21  9.77  9.24  8.59  7.82  6.89  5.72  4.15  1.07  0.60  0.60  0.60  0.60  0.60  0.60  0.60  0.60  0.60  0.60  0.60  0.60  0.60  0.60  0.60  0.60  0.60  0.60
  0.60  0.60  0.60  0.60  0.60  0.60  0.60  0.60  0.60  0.60  0.60  0.60  0.60  0.60  0.60  0.60  0.60  0.60  0.60  1.46  4.28  5.82  6.97  7.90  8.67  9.31  9.85 10.29 10.64 10.91 11.10 11.21 11.25 11.21 11.10 10.91 10.64 10.29  9.85  9.32  8.67  7.90  6.97  5.82  4.28  1.46  0.60  0.60  0.60  0.60  0.60  0.60  0.60  0.60  0.60  0.60  0.60  0.60  0.60  0.60  0.60  0.60  0.60  0.60
  0.60  0.60  0.60  0.60  0.60  0.60  0.60  0.60  0.60  0.60  0.60  0.60  0.60  0.60  0.60  0.60  0.60  0.60  0.60  1.77  4.41  5.92  7.06  7.99  8.75  9.39  9.92 10.36 10.71 10.98 11.17 11.28 11.32 11.28 11.17 10.98 10.71 10.36  9.92  9.39  8.75  7.99  7.06  5.92  4.41  1.77  0.60  0.60  0.60  0.60  0.60  0.60  0.60  0.60  0.60  0.60  0.60  0.60  0.60  0.60  0.60  0.60  0.60  0.60
  0.60  0.60  0.60  0.60  0.60  0.60  0.60  0.60  0.60  0.60  0.60  0.60  0.60  0.60  0.60  0.60  0.60  0.60  0.60  2.03  4.53  6.02  7.15  8.07  8.83  9.47 10.00 10.43 10.79 11.05 11.24 11.36 11.39 11.36 11.24 11.05 10.79 10.43 10.00  9.47  8.83  8.07  7.15  6.02  4.53  2.03  0.60  0.60  0.60  0.60  0.60  0.60  0.60  0.60  0.60  0.60  0.60  0.60  0.60  0.60  0.60  0.60  0.60  0.60
  0.60  0.60  0.60  0.60  0.60  0.60  0.60  0.60  0.60  0.60  0.60  0.60  0.60  0.60  0.60  0.60  0.60  0.60  0.60  2.27  4.64  6.11  7.23  8.15  8.90  9.54 10.07 10.51 10.86 11.12 11.31 11.43 11.46 11.43 11.31 11.12 10.86 10.51 10.07  9.54  8.90  8.15  7.23  6.11  4.64  2.27  0.60  0.60  0.60  0.60  0.60  0.60  0.60  0.60  0.60  0.60  0.60  0.60  0.60  0.60  0.60  0.60  0.60  0.60
  0.60  0.60  0.60  0.60  0.60  0.60  0.60  0.60  0.60  0.60  0.60  0.60  0.60  0.60  0.60  0.60  0.60  0.60  0.60  2.48  4.76  6.21  7.32  8.22  8.98  9.61 10.14 10.58 10.93 11.19 11.38 11.49 11.53 11.49 11.38 11.19 10.93 10.58 10.14  9.61  8.98  8.22  7.32  6.21  4.76  2.48  0.60  0.60  0.60  0.60  0.60  0.60  0.60  0.60  0.60  0.60  0.60  0.60  0.60  0.60  0.60  0.60  0.60  0.60
  0.60  0.60  0.60  0.60  0.60  0.60  0.60  0.60  0.60  0.60  0.60  0.60  0.60  0.60  0.60  0.60  0.60  0.60  0.60  2.67  4.87  6.30  7.40  8.30  9.05  9.69 10.21 10.65 11.00 11.26 11.45 11.56 11.60 11.56 11.45 11.26 11.00 10.65 10.21  9.69  9.05  8.30  7.40  6.30  4.87  2.67  0.60  0.60  0.60  0.60  0.60  0.60  0.60  0.60  0.60  0.60  0.60  0.60  0.60  0.60  0.60  0.60  0.60  0.60
  0.60  0.60  0.60  0.60  0.60  0.60  0.60  0.60  0.60  0.60  0.60  0.60  0.60  0.60  0.60  0.60  0.60  0.60  0.60  2.85  4.98  6.39  7.48  8.38  9.13  9.76 10.28 10.72 11.06 11.33 11.52 11.63 11.67 11.63 11.52 11.33 11.06 10.72 10.28  9.76  9.13  8.38  7.48  6.39  4.98  2.85  0.60  0.60  0.60  0.60  0.60  0.60  0.60  0.60  0.60  0.60  0.60  0.60  0.60  0.60  0.60  0.60  0.60  0.60
  0.60  0.60  0.60  0.60  0.60  0.60  0.60  0.60  0.60  0.60  0.60  0.60  0.60  0.60  0.60  0.60  0.60  0.60  0.60  3.02  5.09  6.48  7.56  8.45  9.20  9.83 10.35 10.78 11.13 11.40 11.59 11.70 11.73 11.70 11.59 11.40 11.13 10.78 10.35  9.83  9.20  8.45  7.56  6.48  5.09  3.02  0.60  0.60  0.60  0.60  0.60  0.60  0.60  0.60  0.60  0.60  0.60  0.60  0.60  0.60  0.60  0.60  0.60  0.60
  0.60  0.60  0.60  0.60  0.60  0.60  0.60  0.60  0.60  0.60  0.60  0.60  0.60  0.60  0.60  0.60  0.60  0.60  0.60  3.18  5.19  6.56  7.64  8.53  9.27  9.90 10.42 10.85 11.20 11.46 11.65 11.76 11.80 11.76 11.65 11.46 11.20 10.85 10.42  9.90  9.27  8.53  7.64  6.56  5.19  3.18  0.60  0.60  0.60  0.60  0.60  0.60  0.60  0.60  0.60  0.60  0.60  0.60  0.60  0.60  0.60  0.60  0.60  0.60
  0.60  0.60  0.60  0.60  0.60  0.60  0.60  0.60  0.60  0.60  0.60  0.60  0.60  0.60  0.60  0.60  0.60  0.60  0.60  3.33  5.29  6.65  7.72  8.60  9.34  9.97 10.49 10.92 11.26 11.53 11.72 11.83 11.87 11.83 11.72 11.53 11.26 10.92 10.49  9.97  9.34  8.60  7.72  6.65  5.29  3.33  0.60  0.60  0.60  0.60  0.60  0.60  0.60  0.60  0.60  0.60  0.60  0.60  0.60  0.60  0.60  0.60  0.60  0.60
  0.60  0.60  0.60  0.60  0.60  0.60  0.60  0.60  0.60  0.60  0.60  0.60  0.60  0.60  0.60  0.60  0.60  0.60  0.60  3.48  5.39  6.73  7.80  8.67  9.41 10.03 10.55 10.98 11.33 11.59 11.78 11.89 11.93 11.89 11.78 11.59 11.33 10.98 10.55 10.03  9.41  8.67  7.80  6.73  5.39  3.48  0.60  0.60  0.60  0.60  0.60  0.60  0.60  0.60  0.60  0.60  0.60  0.60  0.60  0.60  0.60  0.60  0.60  0.60
  0.60  0.60  0.60  0.60  0.60  0.60  0.60  0.60  0.60  0.60  0.60  0.60  0.60  0.60  0.60  0.60  0.60  0.60  0.60  3.62  5.49  6.82  7.87  8.75  9.48 10.10 10.62 11.05 11.39 11.66 11.84 11.96 11.99 11.96 11.84 11.66 11.39 11.05 10.62 10.10  9.48  8.75  7.87  6.82  5.49  3.62  0.60  0.60  0.60  0.60  0.60  0.60  0.60  0.60  0.60  0.60  0.60  0.60  0.60  0.60  0.60  0.60  0.60  0.60
  0.60  0.60  0.60  0.60  0.60  0.60  0.60  0.60  0.60  0.60  0.60  0.60  0.60  0.60  0.60  0.60  0.60  0.60  0.60  3.75  5.58  6.90  7.95  8.82  9.55 10.17 10.69 11.11 11.46 11.72 11.91 12.02 12.06 12.02 11.91 11.72 11.46 11.11 10.69 10.17  9.55  8.82  7.95  6.90  5.58  3.75  0.60  0.60  0.60  0.60  0.60  0.60  0.60  0.60  0.60  0.60  0.60  0.60  0.60  0.60  0.60  0.60  0.60  0.60
  0.60  0.60  0.60  0.60  0.60  0.60  0.60  0.60  0.60  0.60  0.60  0.60  0.60  0.60  0.60  0.60  0.60  0.60  0.60  3.88  5.68  6.98  8.02  8.89  9.62 10.23 10.75 11.18 11.52 11.78 11.97 12.08 12.12 12.08 11.97 11.78 11.52 11.18 10.75 10.23  9.62  8.89  8.02  6.98  5.68  3.88  0.60  0.60  0.60  0.60  0.60  0.60  0.60  0.60  0.60  0.60  0.60  0.60  0.60  0.60  0.60  0.60  0.60  0.60
  0.60  0.60  0.60  0.60  0.60  0.60  0.60  0.60  0.60  0.60  0.60  0.60  0.60  0.60  0.60  0.60  0.60  0.60  0.60  4.01  5.77  7.06  8.09  8.96  9.68 10.30 10.81 11.24 11.58 11.84 12.03 12.14 12.18 12.14 12.03 11.84 11.58 11.24 10.81 10.30  9.68  8.96  8.09  7.06  5.77  4.01  0.60  0.60  0.60  0.60  0.60  0.60  0.60  0.60  0.60  0.60  0.60  0.60  0.60  0.60  0.60  0.60  0.60  0.60
  0.60  0.60  0.60  0.60  0.60  0.60  0.60  0.60  0.60  0.60  0.60  0.60  0.60  0.60  0.60  0.60  0.60  0.60  0.60  4.13  5.86  7.14  8.17  9.02  9.75 10.36 10.88 11.30 11.64 11.91 12.09 12.20 12.24 12.20 12.09 11.91 11.64 11.30 10.88 10.36  9.75  9.02  8.17  7.14  5.86  4.13  0.60  0.60  0.60  0.60  0.60  0.60  0.60  0.60  0.60  0.60  0.60  0.60  0.60  0.60  0.60  0.60  0.60  0.60
  0.60  0.60  0.60  0.60  0.60  0.60  0.60  0.60  0.60  0.60  0.60  0.60  0.60  0.60  0.60  0.60  0.60  0.60  0.60  4.25  5.95  7.21  8.24  9.09  9.81 10.42 10.94 11.36 11.70 11.97 12.15 12.26 12.30 12.26 12.15 11.97 11.70 11.36 10.94 10.42  9.81  9.09  8.24  7.21  5.95  4.25  0.60  0.60  0.60  0.60  0.60  0.60  0.60  0.60  0.60  0.60  0.60  0.60  0.60  0.60  0.60  0.60  0.60  0.60
  0.60  0.60  0.60  0.60  0.60  0.60  0.60  0.60  0.60  0.60  0.60  0.60  0.60  0.60  0.60  0.60  0.60  0.60  1.05  4.36  6.04  7.29  8.31  9.16  9.88 10.49 11.00 11.42 11.76 12.02 12.21 12.32 12.36 12.32 12.21 12.02 11.76 11.42 11.00 10.49  9.88  9.16  8.31  7.29  6.04  4.36  1.05  0.60  0.60  0.60  0.60  0.60  0.60  0.60  0.60  0.60  0.60  0.60  0.60  0.60  0.60  0.60  0.60  0.60
  0.60  0.60  0.60  0.60  0.60  0.60  0.60  0.60  0.60  0.60  0.60  0.60  0.60  0.60  0.60  0.60  0.60  0.60  1.43  4.47  6.12  7.37  8.38  9.22  9.94 10.55 11.06 11.48 11.82 12.08 12.27 12.38 12.42 12.38 12.27 12.08 11.82 11.48 11.06 10.55  9.94  9.22  8.38  7.37  6.12  4.47  1.43  0.60  0.60  0.60  0.60  0.60  0.60  0.60  0.60  0.60  0.60  0.60  0.60  0.60  0.60  0.60  0.60  0.60
  0.60  0.60  0.60  0.60  0.60  0.60  0.60  0.60  0.60  0.60  0.60  0.60  0.60  0.60  0.60  0.60  0.60  0.60  1.72  4.58  6.21  7.44  8.44  9.29 10.00 10.61 11.12 11.54 11.88 12.14 12.33 12.44 12.47 12.44 12.33 12.14 11.88 11.54 11.12 10.61 10.00  9.29  8.44  7.44  6.21  4.58  1.72  0.60  0.60  0.60  0.60  0.60  0.60  0.60  0.60  0.60  0.60  0.60  0.60  0.60  0.60  0.60  0.60  0.60
  0.60  0.60  0.60  0.60  0.60  0.60  0.60  0.60  0.60  0.60  0.60  0.60  0.60  0.60  0.60  0.60  0.60  0.60  1.97  4.69  6.29  7.51  8.51  9.35 10.06 10.67 11.18 11.60 11.94 12.20 12.38 12.49 12.53 12.49 12.38 12.20 11.94 11.60 11.18 10.67 10.06  9.35  8.51  7.51  6.29  4.69  1.97  0.60  0.60  0.60  0.60  0.60  0.60  0.60  0.60  0.60  0.60  0.60  0.60  0.60  0.60  0.60  0.60  0.60
  0.60  0.60  0.60  0.60  0.60  0.60  0.60  0.60  0.60  0.60  0.60  0.60  0.60  0.60  0.60  0.60  0.60  0.60  2.19  4.79  6.37  7.58  8.58  9.41 10.12 10.73 11.24 11.66 11.99 12.25 12.44 12.55 12.59 12.55 12.44 12.25 11.99 11.66 11.24 10.73 10.12  9.41  8.58  7.58  6.37  4.79  2.19  0.60  0.60  0.60  0.60  0.60  0.60  0.60  0.60  0.60  0.60  0.60  0.60  0.60  0.60  0.60  0.60  0.60
  0.60  0.60  0.60  0.60  0.60  0.60  0.60  0.60  0.60  0.60  0.60  0.60  0.60  0.60  0.60  0.60  0.60  0.60  2.39  4.89  6.45  7.66  8.64  9.48 10.18 10.79 11.29 11.71 12.05 12.31 12.49 12.60 12.64 12.60 12.49 12.31 12.05 11.71 11.29 10.79 10.18  9.48  8.64  7.66  6.45  4.89  2.39  0.60  0.60  0.60  0.60  0.60  0.60  0.60  0.60  0.60  0.60  0.60  0.60  0.60  0.60  0.60  0.60  0.60
  0.60  0.60  0.60  0.60  0.60  0.60  0.60  0.60  0.60  0.60  0.60  0.60  0.60  0.60  0.60  0.60  0.60  0.60  2.58  4.99  6.53  7.73  8.71  9.54 10.24 10.84 11.35 11.77 12.11 12.37 12.55 12.66 12.70 12.66 12.55 12.37 12.11 11.77 11.35 10.84 10.24  9.54  8.71  7.73  6.53  4.99  2.58  0.60  0.60  0.60  0.60  0.60  0.60  0.60  0.60  0.60  0.60  0.60  0.60  0.60  0.60  0.60  0.60  0.60
  0.60  0.60  0.60  0.60  0.60  0.60  0.60  0.60  0.60  0.60  0.60  0.60  0.60  0.60  0.60  0.60  0.60  0.60  2.75  5.09  6.61  7.80  8.77  9.60 10.30 10.90 11.41 11.82 12.16 12.42 12.60 12.71 12.75 12.71 12.60 12.42 12.16 11.82 11.41 10.90 10.30  9.60  8.77  7.80  6.61  5.09  2.75  0.60  0.60  0.60  0.60  0.60  0.60  0.60  0.60  0.60  0.60  0.60  0.60  0.60  0.60  0.60  0.60  0.60
  0.60  0.60  0.60  0.60  0.60  0.60  0.60  0.60  0.60  0.60  0.60  0.60  0.60  0.60  0.60  0.60  0.60  0.60  2.91  5.18  6.69  7.86  8.84  9.66 10.36 10.96 11.46 11.88 12.21 12.47 12.66 12.77 12.80 12.77 12.66 12.47 12.21 11.88 11.46 10.96 10.36  9.66  8.84  7.86  6.69  5.18  2.91  0.60  0.60  0.60  0.60  0.60  0.60  0.60  0.60  0.60  0.60  0.60  0.60  0.60  0.60  0.60  0.60  0.60
  0.60  0.60  0.60  0.60  0.60  0.60  0.60  0.60  0.60  0.60  0.60  0.60  0.60  0.60  0.60  0.60  0.60  0.60  3.07  5.28  6.76  7.93  8.90  9.72 10.42 11.01 11.52 11.93 12.27 12.53 12.71 12.82 12.85 12.82 12.71 12.53 12.27 11.93 11.52 11.01 10.42  9.72  8.90  7.93  6.76  5.28  3.07  0.60  0.60  0.60  0.60  0.60  0.60  0.60  0.60  0.60  0.60  0.60  0.60  0.60  0.60  0.60  0.60  0.60
  0.60  0.60  0.60  0.60  0.60  0.60  0.60  0.60  0.60  0.60  0.60  0.60  0.60  0.60  0.60  0.60  0.60  0.60  3.21  5.37  6.84  8.00  8.96  9.78 10.47 11.07 11.57 11.99 12.32 12.58 12.76 12.87 12.91 12.87 12.76 12.58 12.32 11.99 11.57 11.07 10.47  9.78  8.96  8.00  6.84  5.37  3.21  0.60  0.60  0.60  0.60  0.60  0.60  0.60  0.60  0.60  0.60  0.60  0.60  0.60  0.60  0.60  0.60  0.60
  0.60  0.60  0.60  0.60  0.60  0.60  0.60  0.60  0.60  0.60  0.60  0.60  0.60  0.60  0.60  0.60  0.60  0.60  3.35  5.46  6.91  8.06  9.02  9.84 10.53 11.12 11.62 12.04 12.37 12.63 12.81 12.92 12.96 12.92 12.81 12.63 12.37 12.04 11.62 11.12 10.53  9.84  9.02  8.06  6.91  5.46  3.35  0.60  0.60  0.60  0.60  0.60  0.60  0.60  0.60  0.60  0.60  0.60  0.60  0.60  0.60  0.60  0.60  0.60
  0.60  0.60  0.60  0.60  0.60  0.60  0.60  0.60  0.60  0.60  0.60  0.60  0.60  0.60  0.60  0.60  0.60  0.60  3.49  5.54  6.98  8.13  9.08  9.89 10.59 11.18 11.68 12.09 12.42 12.68 12.86 12.97 13.01 12.97 12.86 12.68 12.42 12.09 11.68 11.18 10.59  9.89  9.08  8.13  6.98  5.54  3.49  0.60  0.60  0.60  0.60  0.60  0.60  0.60  0.60  0.60  0.60  0.60  0.60  0.60  0.60  0.60  0.60  0.60
  0.60  0.60  0.60  0.60  0.60  0.60  0.60  0.60  0.60  0.60  0.60  0.60  0.60  0.60  0.60  0.60  0.60  0.60  3.62  5.63  7.05  8.19  9.14  9.95 10.64 11.23 11.73 12.14 12.47 12.73 12.91 13.02 13.06 13.02 12.91 12.73 12.47 12.14 11.73 11.23 10.64  9.95  9.14  8.19  7.05  5.63  3.62  0.60  0.60  0.60  0.60  0.60  0.60  0.60  0.60  0.60  0.60  0.60  0.60  0.60  0.60  0.60  0.60  0.60
  0.60  0.60  0.60  0.60  0.60  0.60  0.60  0.60  0.60  0.60  0.60  0.60  0.60  0.60  0.60  0.60  0.60  0.60  3.74  5.71  7.13  8.26  9.20 10.00 10.69 11.28 11.78 12.19 12.52 12.78 12.96 13.07 13.11 13.07 12.96 12.78 12.52 12.19 11.78 11.28 10.69 10.01  9.20  8.26  7.13  5.71  3.74  0.60  0.60  0.60  0.60  0.60  0.60  0.60  0.60  0.60  0.60  0.60  0.60  0.60  0.60  0.60  0.60  0.60
  0.60  0.60  0.60  0.60  0.60  0.60  0.60  0.60  0.60  0.60  0.60  0.60  0.60  0.60  0.60  0.60  0.60  0.60  3.86  5.80  7.19  8.32  9.26 10.06 10.75 11.33 11.83 12.24 12.57 12.83 13.01 13.12 13.15 13.12 13.01 12.83 12.57 12.24 11.83 11.33 10.75 10.06  9.26  8.32  7.19  5.80  3.86  0.60  0.60  0.60  0.60  0.60  0.60  0.60  0.60  0.60  0.60  0.60  0.60  0.60  0.60  0.60  0.60  0.60
  0.60  0.60  0.60  0.60  0.60  0.60  0.60  0.60  0.60  0.60  0.60  0.60  0.60  0.60  0.60  0.60  0.60  0.60  3.98  5.88  7.26  8.38  9.32 10.11 10.80 11.38 11.88 12.29 12.62 12.88 13.06 13.17 13.20 13.17 13.06 12.88 12.62 12.29 11.88 11.38 10.80 10.11  9.32  8.38  7.26  5.88  3.98  0.60  0.60  0.60  0.60  0.60  0.60  0.60  0.60  0.60  0.60  0.60  0.60  0.60  0.60  0.60  0.60  0.60
  0.60  0.60  0.60  0.60  0.60  0.60  0.60  0.60  0.60  0.60  0.60  0.60  0.60  0.60  0.60  0.60  0.60  0.60  4.09  5.96  7.33  8.44  9.37 10.17 10.85 11.43 11.93 12.34 12.67 12.92 13.10 13.21 13.25 13.21 13.10 12.92 12.67 12.34 11.93 11.43 10.85 10.17  9.37  8.44  7.33  5.96  4.09  0.60  0.60  0.60  0.60  0.60  0.60  0.60  0.60  0.60  0.60  0.60  0.60  0.60  0.60  0.60  0.60  0.60
  0.60  0.60  0.60  0.60  0.60  0.60  0.60  0.60  0.60  0.60  0.60  0.60  0.60  0.60  0.60  0.60  0.60  0.60  4.20  6.04  7.40  8.50  9.43 10.22 10.90 11.48 11.98 12.39 12.72 12.97 13.15 13.26 13.29 13.26 13.15 12.97 12.72 12.39 11.98 11.48 10.90 10.22  9.43  8.50  7.40  6.04  4.20  0.60  0.60  0.60  0.60  0.60  0.60  0.60  0.60  0.60  0.60  0.60  0.60  0.60  0.60  0.60  0.60  0.60
  0.60  0.60  0.60  0.60  0.60  0.60  0.60  0.60  0.60  0.60  0.60  0.60  0.60  0.60  0.60  0.60  0.60  0.60  4.31  6.12  7.46  8.56  9.48 10.27 10.95 11.53 12.02 12.43 12.76 13.02 13.20 13.30 13.34 13.30 13.20 13.02 12.76 12.43 12.02 11.53 10.95 10.27  9.48  8.56  7.46  6.12  4.31  0.60  0.60  0.60  0.60  0.60  0.60  0.60  0.60  0.60  0.60  0.60  0.60  0.60  0.60  0.60  0.60  0.60
  0.60  0.60  0.60  0.60  0.60  0.60  0.60  0.60  0.60  0.60  0.60  0.60  0.60  0.60  0.60  0.60  0.60  0.60  4.41  6.19  7.53  8.62  9.54 10.33 11.00 11.58 12.07 12.48 12.81 13.06 13.24 13.35 13.38 13.35 13.24 13.06 12.81 12.48 12.07 11.58 11.00 10.33  9.54  8.62  7.53  6.19  4.41  0.60  0.60  0.60  0.60  0.60  0.60  0.60  0.60  0.60  0.60  0.60  0.60  0.60  0.60  0.60  0.60  0.60
  0.60  0.60  0.60  0.60  0.60  0.60  0.60  0.60  0.60  0.60  0.60  0.60  0.60  0.60  0.60  0.60  0.60  1.05  4.52  6.27  7.59  8.68  9.59 10.38 11.05 11.63 12.12 12.52 12.85 13.11 13.29 13.39 13.43 13.39 13.29 13.11 12.85 12.52 12.12 11.63 11.05 10.38  9.59  8.68  7.59  6.27  4.52  1.05  0.60  0.60  0.60  0.60  0.60  0.60  0.60  0.60  0.60  0.60  0.60  0.60  0.60  0.60  0.60  0.60
  0.60  0.60  0.60  0.60  0.60  0.60  0.60  0.60  0.60  0.60  0.60  0.60  0.60  0.60  0.60  0.60  0.60  1.40  4.61  6.34  7.66  8.73  9.65 10.43 11.10 11.68 12.16 12.57 12.90 13.15 13.33 13.44 13.47 13.44 13.33 13.15 12.90 12.57 12.16 11.68 11.10 10.43  9.65  8.73  7.66  6.34  4.61  1.40  0.60  0.60  0.60  0.60  0.60  0.60  0.60  0.60  0.60  0.60  0.60  0.60  0.60  0.60  0.60  0.60
  0.60  0.60  0.60  0.60  0.60  0.60  0.60  0.60  0.60  0.60  0.60  0.60  0.60  0.60  0.60  0.60  0.60  1.69  4.71  6.42  7.72  8.79  9.70 10.48 11.15 11.72 12.21 12.61 12.94 13.19 13.37 13.48 13.52 13.48 13.37 13.19 12.94 12.61 12.21 11.72 11.15 10.48  9.70  8.79  7.72  6.42  4.71  1.69  0.60  0.60  0.60  0.60  0.60  0.60  0.60  0.60  0.60  0.60  0.60  0.60  0.60  0.60  0.60  0.60
  0.60  0.60  0.60  0.60  0.60  0.60  0.60  0.60  0.60  0.60  0.60  0.60  0.60  0.60  0.60  0.60  0.60  1.93  4.81  6.49  7.78  8.85  9.75 10.53 11.19 11.77 12.25 12.66 12.98 13.24 13.42 13.52 13.56 13.52 13.42 13.24 12.98 12.66 12.25 11.77 11.20 10.53  9.75  8.85  7.78  6.49  4.81  1.93  0.60  0.60  0.60  0.60  0.60  0.60  0.60  0.60  0.60  0.60  0.60  0.60  0.60  0.60  0.60  0.60
  0.60  0.60  0.60  0.60  0.60  0.60  0.60  0.60  0.60  0.60  0.60  0.60  0.60  0.60  0.60  0.60  0.60  2.14  4.90  6.56  7.84  8.90  9.80 10.58 11.24 11.81 12.30 12.70 13.03 13.28 13.46 13.56 13.60 13.56 13.46 13.28 13.03 12.70 12.30 11.81 11.24 10.58  9.80  8.90  7.84  6.56  4.90  2.14  0.60  0.60  0.60  0.60  0.60  0.60  0.60  0.60  0.60  0.60  0.60  0.60  0.60  0.60  0.60  0.60
  0.60  0.60  0.60  0.60  0.60  0.60  0.60  0.60  0.60  0.60  0.60  0.60  0.60  0.60  0.60  0.60  0.60  2.34  4.99  6.63  7.90  8.96  9.85 10.62 11.29 11.86 12.34 12.74 13.07 13.32 13.50 13.60 13.64 13.60 13.50 13.32 13.07 12.74 12.34 11.86 11.29 10.62  9.85  8.96  7.90  6.63  4.99  2.34  0.60  0.60  0.60  0.60  0.60  0.60  0.60  0.60  0.60  0.60  0.60  0.60  0.60  0.60  0.60  0.60
  0.60  0.60  0.60  0.60  0.60  0.60  0.60  0.60  0.60  0.60  0.60  0.60  0.60  0.60  0.60  0.60  0.60  2.52  5.08  6.70  7.96  9.01  9.90 10.67 11.33 11.90 12.38 12.79 13.11 13.36 13.54 13.65 13.68 13.65 13.54 13.36 13.11 12.79 12.38 11.90 11.33 10.67  9.90  9.01  7.96  6.70  5.08  2.52  0.60  0.60  0.60  0.60  0.60  0.60  0.60  0.60  0.60  0.60  0.60  0.60  0.60  0.60  0.60  0.60
  0.60  0.60  0.60  0.60  0.60  0.60  0.60  0.60  0.60  0.60  0.60  0.60  0.60  0.60  0.60  0.60  0.60  2.69  5.17  6.77  8.02  9.06  9.95 10.72 11.38 11.94 12.43 12.83 13.15 13.40 13.58 13.68 13.72 13.68 13.58 13.40 13.15 12.83 12.43 11.95 11.38 10.72  9.95  9.06  8.02  6.77  5.17  2.69  0.60  0.60  0.60  0.60  0.60  0.60  0.60  0.60  0.60  0.60  0.60  0.60  0.60  0.60  0.60  0.60
  0.60  0.60  0.60  0.60  0.60  0.60  0.60  0.60  0.60  0.60  0.60  0.60  0.60  0.60  0.60  0.60  0.60  2.84  5.25  6.83  8.08  9.12 10.00 10.76 11.42 11.99 12.47 12.87 13.19 13.44 13.62 13.72 13.76 13.72 13.62 13.44 13.19 12.87 12.47 11.99 11.42 10.76 10.00  9.12  8.08  6.83  5.25  2.84  0.60  0.60  0.60  0.60  0.60  0.60  0.60  0.60  0.60  0.60  0.60  0.60  0.60  0.60  0.60  0.60
  0.60  0.60  0.60  0.60  0.60  0.60  0.60  0.60  0.60  0.60  0.60  0.60  0.60  0.60  0.60  0.60  0.60  2.99  5.34  6.90  8.14  9.17 10.05 10.81 11.47 12.03 12.51 12.91 13.23 13.48 13.66 13.76 13.80 13.76 13.66 13.48 13.23 12.91 12.51 12.03 11.47 10.81 10.05  9.17  8.14  6.90  5.34  2.99  0.60  0.60  0.60  0.60  0.60  0.60  0.60  0.60  0.60  0.60  0.60  0.60  0.60  0.60  0.60  0.60
  0.60  0.60  0.60  0.60  0.60  0.60  0.60  0.60  0.60  0.60  0.60  0.60  0.60  0.60  0.60  0.60  0.60  3.13  5.42  6.97  8.19  9.22 10.10 10.85 11.51 12.07 12.55 12.95 13.27 13.52 13.69 13.80 13.84 13.80 13.69 13.52 13.27 12.95 12.55 12.07 11.51 10.85 10.10  9.22  8.19  6.97  5.42  3.13  0.60  0.60  0.60  0.60  0.60  0.60  0.60  0.60  0.60  0.60  0.60  0.60  0.60  0.60  0.60  0.60
  0.60  0.60  0.60  0.60  0.60  0.60  0.60  0.60  0.60  0.60  0.60  0.60  0.60  0.60  0.60  0.60  0.60  3.27  5.50  7.03  8.25  9.27 10.14 10.90 11.55 12.11 12.59 12.99 13.31 13.56 13.73 13.84 13.87 13.84 13.73 13.56 13.31 12.99 12.59 12.11 11.55 10.90 10.14  9.27  8.25  7.03  5.50  3.27  0.60  0.60  0.60  0.60  0.60  0.60  0.60  0.60  0.60  0.60  0.60  0.60  0.60  0.60  0.60  0.60
  0.60  0.60  0.60  0.60  0.60  0.60  0.60  0.60  0.60  0.60  0.60  0.60  0.60  0.60  0.60  0.60  0.60  3.40  5.58  7.09  8.30  9.32 10.19 10.94 11.59 12.15 12.63 13.02 13.35 13.59 13.77 13.87 13.91 13.87 13.77 13.59 13.35 13.02 12.63 12.15 11.59 10.94 10.19  9.32  8.31  7.10  5.58  3.40  0.60  0.60  0.60  0.60  0.60  0.60  0.60  0.60  0.60  0.60  0.60  0.60  0.60  0.60  0.60  0.60
  0.60  0.60  0.60  0.60  0.60  0.60  0.60  0.60  0.60  0.60  0.60  0.60  0.60  0.60  0.60  0.60  0.60  3.53  5.66  7.16  8.36  9.37 10.24 10.99 11.63 12.19 12.67 13.06 13.38 13.63 13.81 13.91 13.94 13.91 13.81 13.63 13.38 13.06 12.67 12.19 11.63 10.99 10.24  9.37  8.36  7.16  5.66  3.53  0.60  0.60  0.60  0.60  0.60  0.60  0.60  0.60  0.60  0.60  0.60  0.60  0.60  0.60  0.60  0.60
  0.60  0.60  0.60  0.60  0.60  0.60  0.60  0.60  0.60  0.60  0.60  0.60  0.60  0.60  0.60  0.60  0.60  3.65  5.74  7.22  8.41  9.42 10.28 11.03 11.67 12.23 12.70 13.10 13.42 13.67 13.84 13.95 13.98 13.95 13.84 13.67 13.42 13.10 12.70 12.23 11.67 11.03 10.28  9.42  8.41  7.22  5.74  3.65  0.60  0.60  0.60  0.60  0.60  0.60  0.60  0.60  0.60  0.60  0.60  0.60  0.60  0.60  0.60  0.60
  0.60  0.60  0.60  0.60  0.60  0.60  0.60  0.60  0.60  0.60  0.60  0.60  0.60  0.60  0.60  0.60  0.60  3.76  5.81  7.28  8.47  9.47 10.33 11.07 11.71 12.27 12.74 13.14 13.46 13.70 13.88 13.98 14.01 13.98 13.88 13.70 13.46 13.14 12.74 12.27 11.71 11.07 10.33  9.47  8.47  7.28  5.81  3.76  0.60  0.60  0.60  0.60  0.60  0.60  0.60  0.60  0.60  0.60  0.60  0.60  0.60  0.60  0.60  0.60
  0.60  0.60  0.60  0.60  0.60  0.60  0.60  0.60  0.60  0.60  0.60  0.60  0.60  0.60  0.60  0.60  0.60  3.88  5.89  7.34  8.52  9.51 10.37 11.11 11.75 12.31 12.78 13.17 13.49 13.74 13.91 14.01 14.05 14.01 13.91 13.74 13.49 13.17 12.78 12.31 11.75 11.11 10.37  9.51  8.52  7.34  5.89  3.88  0.60  0.60  0.60  0.60  0.60  0.60  0.60  0.60  0.60  0.60  0.60  0.60  0.60  0.60  0.60  0.60
  0.60  0.60  0.60  0.60  0.60  0.60  0.60  0.60  0.60  0.60  0.60  0.60  0.60  0.60  0.60  0.60  0.60  3.99  5.96  7.40  8.57  9.56 10.41 11.15 11.79 12.35 12.82 13.21 13.52 13.77 13.94 14.05 14.08 14.05 13.94 13.77 13.52 13.21 12.82 12.35 11.79 11.15 10.41  9.56  8.57  7.40  5.96  3.99  0.60  0.60  0.60  0.60  0.60  0.60  0.60  0.60  0.60  0.60  0.60  0.60  0.60  0.60  0.60  0.60
  0.60  0.60  0.60  0.60  0.60  0.60  0.60  0.60  0.60  0.60  0.60  0.60  0.60  0.60  0.60  0.60  0.60  4.09  6.03  7.46  8.62  9.61 10.46 11.19 11.83 12.38 12.85 13.24 13.56 13.80 13.98 14.08 14.12 14.08 13.98 13.80 13.56 13.24 12.85 12.38 11.83 11.19 10.46  9.61  8.62  7.46  6.03  4.09  0.60  0.60  0.60  0.60  0.60  0.60  0.60  0.60  0.60  0.60  0.60  0.60  0.60  0.60  0.60  0.60
  0.60  0.60  0.60  0.60  0.60  0.60  0.60  0.60  0.60  0.60  0.60  0.60  0.60  0.60  0.60  0.60  0.60  4.20  6.10  7.52  8.67  9.65 10.50 11.23 11.87 12.42 12.89 13.28 13.59 13.84 14.01 14.11 14.15 14.11 14.01 13.84 13.59 13.28 12.89 12.42 11.87 11.23 10.50  9.65  8.67  7.52  6.10  4.20  0.60  0.60  0.60  0.60  0.60  0.60  0.60  0.60  0.60  0.60  0.60  0.60  0.60  0.60  0.60  0.60
  0.60  0.60  0.60  0.60  0.60  0.60  0.60  0.60  0.60  0.60  0.60  0.60  0.60  0.60  0.60  0.60  0.60  4.30  6.18  7.58  8.72  9.70 10.54 11.27 11.91 12.45 12.92 13.31 13.62 13.87 14.04 14.14 14.18 14.14 14.04 13.87 13.62 13.31 12.92 12.45 11.91 11.27 10.54  9.70  8.72  7.58  6.18  4.30  0.60  0.60  0.60  0.60  0.60  0.60  0.60  0.60  0.60  0.60  0.60  0.60  0.60  0.60  0.60  0.60
  0.60  0.60  0.60  0.60  0.60  0.60  0.60  0.60  0.60  0.60  0.60  0.60  0.60  0.60  0.60  0.60  0.60  4.40  6.24  7.63  8.77  9.74 10.58 11.31 11.94 12.49 12.95 13.34 13.66 13.90 14.07 14.18 14.21 14.18 14.07 13.90 13.66 13.34 12.95 12.49 11.94 11.31 10.58  9.74  8.77  7.63  6.24  4.40  0.60  0.60  0.60  0.60  0.60  0.60  0.60  0.60  0.60  0.60  0.60  0.60  0.60  0.60  0.60  0.60
  0.00  0.00  0.00  0.00  0.00  0.00  0.00  0.00  0.00  0.00  0.00  0.00  0.00  0.00  0.00  0.00  0.00  4.45  6.28  7.67  8.80  9.77 10.60 11.33 11.96 12.51 12.97 13.36 13.68 13.92 14.09 14.19 14.23 14.19 14.09 13.92 13.68 13.36 12.97 12.51 11.96 11.33 10.60  9.77  8.80  7.67  6.28  4.45  0.00  0.00  0.00  0.00  0.00  0.00  0.00  0.00  0.00  0.00  0.00  0.00  0.00  0.00  0.00  0.00
