  0.60  0.60  0.60  0.60  0.60  0.60  0.60  0.60  0.60  0.60  0.60  0.60  0.60  0.60  0.60  0.60  0.60  0.60  0.60  0.60  0.60  0.60  0.60  0.60  0.60  0.60  0.60  0.60  0.60  0.60  0.60  0.60  0.60  0.60  0.60  0.60  0.60  0.60  0.60  0.60  0.60  0.60  0.60  0.60  0.60  0.60  0.60  0.60  0.60  0.60  0.60  0.60  0.60  0.60  0.60  0.60  0.60  0.60  0.60  0.60  0.60  0.60  0.60  0.60
  0.60  0.60  0.60  0.60  0.60  0.60  0.60  0.60  0.60  0.60  0.60  0.60  0.60  0.60  0.60  0.60  0.60  0.60  0.60  0.60  0.60  0.60  0.60  0.60  0.60  0.60  0.60  0.60  0.60  0.60  0.60  0.60  0.60  0.60  0.60  0.60  0.60  0.60  0.60  0.60  0.60  0.60  0.60  0.60  0.60  0.60  0.60  0.60  0.60  0.60  0.60  0.60  0.60  0.60  0.60  0.60  0.60  0.60  0.60  0.60  0.60  0.60  0.60  0.60
  0.60  0.60  0.60  0.60  0.60  0.60  0.60  0.60  0.60  0.60  0.60  0.60  0.60  0.60  0.60  0.60  0.60  0.60  0.60  0.60  0.60  0.60  0.60  0.60  0.60  0.60  0.60  0.60  0.60  0.60  0.60  0.60  0.60  0.60  0.60  0.60  0.60  0.60  0.60  0.60  0.60  0.60  0.60  0.60  0.60  0.60  0.60  0.60  0.60  0.60  0.60  0.60  0.60  0.60  0.60  0.60  0.60  0.60  0.60  0.60  0.60  0.60  0.60  0.60
  0.60  0.60  0.60  0.60  0.60  0.60  0.60  0.60  0.60  0.60  0.60  0.60  0.60  0.60  0.60  0.60  0.60  0.60  0.60  0.60  0.60  0.60  0.60  0.60  0.60  0.60  0.60  0.60  0.60  0.60  0.60  0.60  0.60  0.60  0.60  0.60  0.60  0.60  0.60  0.60  0.60  0.60  0.60  0.60  0.60  0.60  0.60  0.60  0.60  0.60  0.60  0.60  0.60  0.60  0.60  0.60  0.60  0.60  0.60  0.60  0.60  0.60  0.60  0.60
  0.60  0.60  0.60  0.60  0.60  0.60  0.60  0.60  0.60  0.60  0.60  0.60  0.60  0.60  0.60  0.60  0.60  0.60  0.60  0.60  0.60  0.60  0.60  0.60  0.60  0.60  0.60  0.60  0.60  0.60  0.60  0.60  0.60  0.60  0.60  0.60  0.60  0.60  0.60  0.60  0.60  0.60  0.60  0.60  0.60  0.60  0.60  0.60  0.60  0.60  0.60  0.60  0.60  0.60  0.60  0.60  0.60  0.60  0.60  0.60  0.60  0.60  0.60  0.60
  0.60  0.60  0.60  0.60  0.60  0.60  0.60  0.60  0.60  0.60  0.60  0.60  0.60  0.60  0.60  0.60  0.60  0.60  0.60  0.60  0.60  0.60  0.60  0.60  0.60  0.60  0.60  0.60  0.60  0.60  0.60  0.60  0.60  0.60  0.60  0.60  0.60  0.60  0.60  0.60  0.60  0.60  0.60  0.60  0.60  0.60  0.60  0.60  0.60  0.60  0.60  0.60  0.60  0.60  0.60  0.60  0.60  0.60  0.60  0.60  0.60  0.60  0.60  0.60
  0.60  0.60  0.60  0.60  0.60  0.60  0.60  0.60  0.60  0.60  0.60  0.60  0.60  0.60  0.60  0.60  0.60  0.60  0.60  0.60  0.60  0.60  0.60  0.60  0.60  0.60  0.60  0.60  0.60  0.60  0.60  0.60  0.60  0.60  0.60  0.60  0.60  0.60  0.60  0.60  0.60  0.60  0.60  0.60  0.60  0.60  0.60  0.60  0.60  0.60  0.60  0.60  0.60  0.60  0.60  0.60  0.60  0.60  0.60  0.60  0.60  0.60  0.60  0.60
  0.60  0.60  0.60  0.60  0.60  0.60  0.60  0.60  0.60  0.60  0.60  0.60  0.60  0.60  0.60  0.60  0.60  0.60  0.60  0.60  0.60  0.60  0.60  0.60  0.60  0.60  0.60  0.60  0.60  0.60  0.60  0.60  0.60  0.60  0.60  0.60  0.60  0.60  0.60  0.60  0.60  0.60  0.60  0.60  0.60  0.60  0.60  0.60  0.60  0.60  0.60  0.60  0.60  0.60  0.60  0.60  0.60  0.60  0.60  0.60  0.60  0.60  0.60  0.60
  0.60  0.60  0.60  0.60  0.60  0.60  0.60  0.60  0.60  0.60  0.60  0.60  0.60  0.60  0.60  0.60  0.60  0.60  0.60  0.60  0.60  0.60  0.60  0.60  0.60  0.60  0.60  0.60  0.60  0.60  0.60  0.60  0.60  0.60  0.60  0.60  0.60  0.60  0.60  0.60  0.60  0.60  0.60  0.60  0.60  0.60  0.60  0.60  0.60  0.60  0.60  0.60  0.60  0.60  0.60  0.60  0.60  0.60  0.60  0.60  0.60  0.60  0.60  0.60
  0.60  0.60  0.60  0.60  0.60  0.60  0.60  0.60  0.60  0.60  0.60  0.60  0.60  0.60  0.60  0.60  0.60  0.60  0.60  0.60  0.60  0.60  0.60  0.60  0.60  0.60  0.60  0.60  0.60  0.60  0.60  0.60  0.60  0.60  0.60  0.60  0.60  0.60  0.60  0.60  0.60  0.60  0.60  0.60  0.60  0.60  0.60  0.60  0.60  0.60  0.60  0.60  0.60  0.60  0.60  0.60  0.60  0.60  0.60  0.60  0.60  0.60  0.60  0.60
  0.60  0.60  0.60  0.60  0.60  0.60  0.60  0.60  0.60  0.60  0.60  0.60  0.60  0.60  0.60  0.60  0.60  0.60  0.60  0.60  0.60  0.60  0.60  0.60  0.60  0.60  0.60  0.60  0.60  0.60  0.60  0.60  0.60  0.60  0.60  0.60  0.60  0.60  0.60  0.60  0.60  0.60  0.60  0.60  0.60  0.60  0.60  0.60  0.60  0.60  0.60  0.60  0.60  0.60  0.60  0.60  0.60  0.60  0.60  0.60  0.60  0.60  0.60  0.60
  0.60  0.60  0.60  0.60  0.60  0.60  0.60  0.60  0.60  0.60  0.60  0.60  0.60  0.60  0.60  0.60  0.60  0.60  0.60  0.60  0.60  0.60  0.60  0.60  0.60  0.60  0.60  0.60  0.60  0.60  0.60  0.60  0.60  0.60  0.60  0.60  0.60  0.60  0.60  0.60  0.60  0.60  0.60  0.60  0.60  0.60  0.60  0.60  0.60  0.60  0.60  0.60  0.60  0.60  0.60  0.60  0.60  0.60  0.60  0.60  0.60  0.60  0.60  0.60
  0.60  0.60  0.60  0.60  0.60  0.60  0.60  0.60  0.60  0.60  0.60  0.60  0.60  0.60  0.60  0.60  0.60  0.60  0.60  0.60  0.60  0.60  0.60  0.60  0.60  0.60  0.60  0.60  0.60  0.60  0.60  0.60  0.60  0.60  0.60  0.60  0.60  0.60  0.60  0.60  0.60  0.60  0.60  0.60  0.60  0.60  0.60  0.60  0.60  0.60  0.60  0.60  0.60  0.60  0.60  0.60  0.60  0.60  0.60  0.60  0.60  0.60  0.60  0.60
  0.60  0.60  0.60  0.60  0.60  0.60  0.60  0.60  0.60  0.60  0.60  0.60  0.60  0.60  0.60  0.60  0.60  0.60  0.60  0.60  0.60  0.60  0.60  0.60  0.60  0.60  0.60  0.60  0.60  0.60  0.60  0.60  0.60  0.60  0.60  0.60  0.60  0.60  0.60  0.60  0.60  0.60  0.60  0.60  0.60  0.60  0.60  0.60  0.60  0.60  0.60  0.60  0.60  0.60  0.60  0.60  0.60  0.60  0.60  0.60  0.60  0.60  0.60  0.60
  0.60  0.60  0.60  0.60  0.60  0.60  0.60  0.60  0.60  0.60  0.60  0.60  0.60  0.60  0.60  0.60  0.60  0.60  0.60  0.60  0.60  0.60  0.60  0.60  0.60  0.60  0.60  0.60  0.60  0.60  0.60  0.60  0.60  0.60  0.60  0.60  0.60  0.60  0.60  0.60  0.60  0.60  0.60  0.60  0.60  0.60  0.60  0.60  0.60  0.60  0.60  0.60  0.60  0.60  0.60  0.60  0.60  0.60  0.60  0.60  0.60  0.60  0.60  0.60
  0.60  0.60  0.60  0.60  0.60  0.60  0.60  0.60  0.60  0.60  0.60  0.60  0.60  0.60  0.60  0.60  0.60  0.60  0.60  0.60  0.60  0.60  0.60  0.60  0.60  0.60  0.60  0.60  0.60  0.60  0.60  0.60  0.60  0.60  0.60  0.60  0.60  0.60  0.60  0.60  0.60  0.60  0.60  0.60  0.60  0.60  0.60  0.60  0.60  0.60  0.60  0.60  0.60  0.60  0.60  0.60  0.60  0.60  0.60  0.60  0.60  0.60  0.60  0.60
  0.60  0.60  0.60  0.60  0.60  0.60  0.60  0.60  0.60  0.60  0.60  0.60  0.60  0.60  0.60  0.60  0.60  0.60  0.60  0.60  0.60  0.60  0.60  0.60  0.60  0.60  0.60  0.60  0.60  0.60  0.60  0.60  0.60  0.60  0.60  0.60  0.60  0.60  0.60  0.60  0.60  0.60  0.60  0.60  0.60  0.60  0.60  0.60  0.60  0.60  0.60  0.60  0.60  0.60  0.60  0.60  0.60  0.60  0.60  0.60  0.60  0.60  0.60  0.60
  0.60  0.60  0.60  0.60  0.60  0.60  0.60  0.60  0.60  0.60  0.60  0.60  0.60  0.60  0.60  0.60  0.60  0.60  0.60  0.60  0.60  0.60  0.60  0.60  0.60  0.60  0.60  0.60  0.60  0.60  0.60  0.60  0.60  0.60  0.60  0.60  0.60  0.60  0.60  0.60  0.60  0.60  0.60  0.60  0.60  0.60  0.60  0.60  0.60  0.60  0.60  0.60  0.60  0.60  0.60  0.60  0.60  0.60  0.60  0.60  0.60  0.60  0.60  0.60
  0.60  0.60  0.60  0.60  0.60  0.60  0.60  0.60  0.60  0.60  0.60  0.60  0.60  0.60  0.60  0.60  0.60  0.60  0.60  0.60  0.60  0.60  0.60  0.60  0.60  0.60  0.60  0.60  0.60  0.60  0.60  0.60  0.60  0.60  0.60  0.60  0.60  0.60  0.60  0.60  0.60  0.60  0.60  0.60  0.60  0.60  0.60  0.60  0.60  0.60  0.60  0.60  0.60  0.60  0.60  0.60  0.60  0.60  0.60  0.60  0.60  0.60  0.60  0.60
  0.60  0.60  0.60  0.60  0.60  0.60  0.60  0.60  0.60  0.60  0.60  0.60  0.60  0.60  0.60  0.60  0.60  0.60  0.60  0.60  0.60  0.60  0.60  0.60  0.60  0.60  0.60  0.60  0.60  0.60  0.60  0.60  0.60  0.60  0.60  0.60  0.60  0.60  0.60  0.60  0.60  0.60  0.60  0.60  0.60  0.60  0.60  0.60  0.60  0.60  0.60  0.60  0.60  0.60  0.60  0.60  0.60  0.60  0.60  0.60  0.60  0.60  0.60  0.60
  0.60  0.60  0.60  0.60  0.60  0.60  0.60  0.60  0.60  0.60  0.60  0.60  0.60  0.60  0.60  0.60  0.60  0.60  0.60  0.60  0.60  0.60  0.60  0.60  0.60  0.60  0.60  0.60  0.60  0.60  0.60  0.60  0.60  0.60  0.60  0.60  0.60  0.60  0.60  0.60  0.60  0.60  0.60  0.60  0.60  0.60  0.60  0.60  0.60  0.60  0.60  0.60  0.60  0.60  0.60  0.60  0.60  0.60  0.60  0.60  0.60  0.60  0.60  0.60
  0.60  0.60  0.60  0.60  0.60  0.60  0.60  0.60  0.60  0.60  0.60  0.60  0.60  0.60  0.60  0.60  0.60  0.60  0.60  0.60  0.60  0.60  0.60  0.60  0.60  0.60  0.60  0.60  0.60  0.60  0.60  0.60  0.60  0.60  0.60  0.60  0.60  0.62  0.64  0.65  0.65  0.64  0.63  0.60  0.60  0.60  0.60  0.60  0.60  0.60  0.60  0.60  0.60  0.60  0.60  0.60  0.60  0.60  0.60  0.60  0.60  0.60  0.60  0.60
  0.60  0.60  0.60  0.60  0.60  0.60  0.60  0.60  0.60  0.60  0.60  0.60  0.60  0.60  0.60  0.60  0.60  0.60  0.60  0.60  0.60  0.60  0.63  0.63  0.60  0.60  0.60  0.60  0.60  0.60  0.60  0.60  0.60  0.60  0.61  0.61  0.63  0.67  0.72  0.75  0.76  0.75  0.71  0.67  0.65  0.63  0.60  0.60  0.60  0.60  0.60  0.65  0.64  0.60  0.60  0.60  0.60  0.60  0.60  0.60  0.60  0.60  0.60  0.60
  0.60  0.60  0.60  0.60  0.60  0.60  0.60  0.60  0.60  0.60  0.60  0.60  0.60  0.63  0.65  0.60  0.60  0.60  0.60  0.60  0.60  0.63  0.70  0.72  0.64  0.60  0.60  0.60  0.60  0.60  0.60  0.60  0.60  0.62  0.62  0.64  0.68  0.77  0.86  0.92  0.94  0.92  0.87  0.84  0.79  0.72  0.68  0.65  0.63  0.64  0.67  0.77  0.74  0.60  0.60  0.60  0.60  0.60  0.60  0.60  0.60  0.60  0.60  0.60
  0.60  0.60  0.60  0.60  0.60  0.60  0.60  0.60  0.60  0.60  0.60  0.60  0.60  0.72  0.79  0.70  0.63  0.60  0.60  0.60  0.63  0.72  0.84  0.86  0.72  0.60  0.60  0.60  0.60  0.60  0.60  0.60  0.60  0.63  0.65  0.68  0.77  0.90  1.05  1.15  1.19  1.18  1.11  1.12  1.03  0.90  0.86  0.77  0.71  0.74  0.84  0.97  0.92  0.67  0.60  0.60  0.60  0.60  0.60  0.60  0.60  0.60  0.60  0.60
  0.60  0.60  0.60  0.60  0.60  0.60  0.60  0.60  0.60  0.60  0.60  0.60  0.70  0.91  1.04  0.92  0.72  0.65  0.60  0.64  0.71  0.89  1.06  1.08  0.87  0.64  0.60  0.60  0.60  0.60  0.60  0.60  0.61  0.66  0.69  0.75  0.90  1.08  1.29  1.43  1.51  1.52  1.47  1.49  1.38  1.21  1.17  1.00  0.89  0.92  1.09  1.26  1.19  0.84  0.60  0.60  0.60  0.60  0.60  0.60  0.60  0.60  0.60  0.60
  0.60  0.60  0.60  0.60  0.60  0.60  0.60  0.60  0.60  0.60  0.60  0.60  0.93  1.24  1.43  1.28  0.91  0.78  0.71  0.77  0.89  1.16  1.39  1.37  1.07  0.73  0.60  0.60  0.60  0.60  0.60  0.60  0.62  0.71  0.75  0.84  1.05  1.31  1.58  1.78  1.91  1.96  1.95  1.97  1.87  1.68  1.60  1.36  1.19  1.22  1.45  1.65  1.57  1.10  0.66  0.60  0.60  0.60  0.60  0.60  0.60  0.60  0.60  0.60
  0.60  0.60  0.60  0.60  0.60  0.60  0.60  0.60  0.60  0.60  0.60  0.72  1.30  1.74  1.98  1.78  1.24  1.03  0.95  0.99  1.17  1.54  1.84  1.77  1.34  0.88  0.62  0.60  0.60  0.60  0.60  0.60  0.65  0.76  0.83  0.97  1.24  1.59  1.92  2.18  2.36  2.48  2.55  2.56  2.51  2.34  2.18  1.87  1.64  1.65  1.91  2.15  2.05  1.47  0.82  0.60  0.60  0.60  0.60  0.60  0.60  0.60  0.60  0.60
  0.60  0.60  0.60  0.60  0.60  0.60  0.60  0.60  0.60  0.60  0.60  1.01  1.82  2.46  2.71  2.42  1.75  1.42  1.34  1.34  1.60  2.07  2.39  2.24  1.69  1.08  0.68  0.60  0.60  0.60  0.60  0.61  0.68  0.83  0.93  1.12  1.46  1.87  2.26  2.57  2.82  3.00  3.15  3.25  3.27  3.17  2.92  2.57  2.28  2.24  2.47  2.74  2.65  1.94  1.09  0.66  0.60  0.60  0.60  0.60  0.60  0.60  0.60  0.60
  0.60  0.60  0.60  0.60  0.60  0.60  0.60  0.60  0.60  0.60  0.74  1.46  2.51  3.38  3.60  3.20  2.47  1.97  1.86  1.84  2.20  2.72  2.93  2.70  2.10  1.34  0.78  0.60  0.60  0.60  0.60  0.63  0.73  0.89  1.03  1.28  1.67  2.15  2.60  2.97  3.27  3.52  3.74  3.93  4.04  4.01  3.78  3.42  3.09  2.97  3.11  3.32  3.24  2.52  1.48  0.83  0.60  0.60  0.60  0.60  0.60  0.60  0.60  0.60
  0.60  0.60  0.60  0.60  0.60  0.60  0.60  0.60  0.60  0.60  1.05  2.07  3.36  4.29  4.49  4.10  3.40  2.72  2.51  2.53  2.95  3.35  3.45  3.14  2.50  1.66  0.92  0.62  0.60  0.60  0.60  0.66  0.79  0.96  1.13  1.43  1.89  2.43  2.94  3.36  3.72  4.04  4.34  4.61  4.80  4.84  4.65  4.28  3.89  3.69  3.75  3.91  3.83  3.19  2.01  1.12  0.70  0.60  0.60  0.60  0.60  0.60  0.60  0.60
  0.60  0.60  0.60  0.60  0.60  0.60  0.60  0.60  0.60  0.78  1.55  2.86  4.34  5.21  5.38  5.00  4.32  3.65  3.30  3.36  3.68  3.96  3.94  3.56  2.89  2.02  1.12  0.68  0.60  0.60  0.60  0.70  0.85  1.03  1.23  1.58  2.10  2.71  3.27  3.76  4.17  4.56  4.94  5.29  5.57  5.67  5.51  5.13  4.69  4.41  4.39  4.50  4.42  3.86  2.70  1.57  0.95  0.64  0.60  0.60  0.60  0.60  0.60  0.60
  0.60  0.60  0.60  0.60  0.60  0.60  0.60  0.60  0.73  1.18  2.24  3.83  5.33  6.11  6.26  5.90  5.23  4.57  4.19  4.19  4.40  4.54  4.39  3.94  3.25  2.37  1.39  0.78  0.61  0.60  0.60  0.76  0.90  1.09  1.33  1.74  2.32  2.98  3.61  4.15  4.62  5.08  5.53  5.97  6.33  6.49  6.37  5.99  5.50  5.14  5.04  5.09  5.01  4.52  3.52  2.20  1.36  0.79  0.60  0.60  0.60  0.60  0.60  0.60
  0.60  0.60  0.60  0.60  0.60  0.60  0.67  0.75  1.05  1.80  3.14  4.95  6.30  7.02  7.14  6.79  6.14  5.48  5.07  4.99  5.09  5.07  4.77  4.26  3.59  2.71  1.70  0.92  0.64  0.60  0.61  0.83  0.96  1.16  1.43  1.89  2.53  3.25  3.94  4.54  5.07  5.59  6.12  6.65  7.09  7.32  7.23  6.84  6.30  5.86  5.68  5.68  5.60  5.19  4.33  3.04  1.96  1.10  0.74  0.60  0.60  0.60  0.60  0.60
  0.60  0.60  0.70  0.76  0.79  0.81  0.89  1.12  1.59  2.65  4.25  6.05  7.28  7.91  8.01  7.67  7.04  6.38  5.94  5.78  5.73  5.53  5.08  4.52  3.88  3.04  2.02  1.10  0.69  0.62  0.64  0.90  1.02  1.22  1.53  2.04  2.74  3.52  4.26  4.92  5.51  6.10  6.71  7.32  7.84  8.14  8.09  7.69  7.10  6.58  6.32  6.26  6.19  5.86  5.15  4.06  2.77  1.62  1.07  0.69  0.60  0.60  0.60  0.60
  0.63  0.74  0.96  1.13  1.23  1.29  1.32  1.72  2.38  3.71  5.53  7.15  8.24  8.79  8.86  8.53  7.92  7.26  6.78  6.52  6.31  5.90  5.30  4.69  4.11  3.34  2.33  1.34  0.78  0.66  0.68  0.98  1.08  1.29  1.63  2.19  2.95  3.78  4.58  5.29  5.95  6.61  7.29  7.98  8.59  8.95  8.94  8.53  7.90  7.31  6.96  6.85  6.78  6.52  5.97  5.08  3.82  2.42  1.62  0.94  0.67  0.60  0.60  0.60
  0.75  1.05  1.39  1.72  1.91  2.03  2.01  2.59  3.44  5.00  6.80  8.24  9.18  9.65  9.69  9.36  8.77  8.11  7.57  7.19  6.79  6.17  5.42  4.79  4.27  3.60  2.62  1.61  0.92  0.73  0.74  1.06  1.14  1.36  1.73  2.34  3.15  4.03  4.88  5.65  6.37  7.10  7.86  8.64  9.32  9.75  9.77  9.37  8.69  8.02  7.60  7.44  7.37  7.19  6.78  6.10  5.06  3.56  2.40  1.39  0.87  0.69  0.65  0.67
  1.01  1.55  2.02  2.54  2.84  3.03  3.04  3.75  4.81  6.46  8.05  9.30 10.09 10.46 10.47 10.15  9.58  8.91  8.31  7.78  7.16  6.32  5.47  4.82  4.36  3.81  2.91  1.88  1.09  0.82  0.82  1.13  1.19  1.42  1.83  2.48  3.34  4.27  5.15  5.98  6.77  7.57  8.42  9.27 10.04 10.53 10.59 10.19  9.47  8.74  8.23  8.02  7.96  7.85  7.60  7.11  6.29  5.00  3.44  2.09  1.26  0.94  0.79  0.87
  1.45  2.24  2.89  3.58  4.01  4.29  4.47  5.23  6.43  7.90  9.29 10.33 10.95 11.22 11.19 10.88 10.31  9.63  8.94  8.25  7.38  6.36  5.44  4.79  4.38  3.96  3.16  2.14  1.32  0.93  1.05  1.64  1.77  1.86  1.99  2.62  3.52  4.47  5.39  6.28  7.14  8.02  8.94  9.88 10.72 11.27 11.38 10.99 10.24  9.44  8.87  8.60  8.54  8.52  8.41  8.12  7.52  6.43  4.77  3.07  1.89  1.37  1.09  1.22
  2.14  3.13  4.02  4.87  5.44  5.82  6.24  6.96  8.04  9.32 10.48 11.30 11.74 11.89 11.82 11.50 10.95 10.24  9.45  8.56  7.47  6.31  5.37  4.72  4.33  4.03  3.39  2.40  1.54  1.28  1.80  2.20  2.29  2.37  2.50  2.84  3.67  4.62  5.57  6.52  7.46  8.42  9.42 10.44 11.35 11.97 12.12 11.75 10.99 10.14  9.49  9.18  9.12  9.18  9.21  9.13  8.75  7.84  6.33  4.39  2.82  2.03  1.60  1.77
  3.11  4.22  5.37  6.35  7.05  7.54  8.00  8.67  9.62 10.69 11.61 12.18 12.42 12.44 12.30 11.98 11.44 10.69  9.79  8.71  7.43  6.20  5.26  4.62  4.24  4.04  3.56  2.64  1.76  1.98  2.33  2.64  2.72  2.79  2.93  3.26  3.79  4.71  5.67  6.67  7.70  8.75  9.84 10.93 11.90 12.58 12.79 12.46 11.70 10.81 10.11  9.75  9.70  9.83 10.01 10.12  9.95  9.24  7.86  5.99  4.08  2.95  2.37  2.54
  4.34  5.47  6.70  7.81  8.65  9.24  9.74 10.35 11.16 12.00 12.65 12.94 12.94 12.80 12.60 12.28 11.74 10.96  9.94  8.68  7.28  6.04  5.12  4.50  4.12  3.97  3.68  2.86  2.38  2.50  2.76  3.02  3.08  3.15  3.30  3.62  4.07  4.71  5.64  6.70  7.83  8.98 10.16 11.32 12.35 13.08 13.35 13.08 12.36 11.46 10.71 10.31 10.27 10.47 10.80 11.10 11.13 10.61  9.37  7.57  5.66  4.16  3.46  3.58
  5.56  6.70  8.01  9.25 10.22 10.91 11.43 11.98 12.62 13.22 13.55 13.51 13.25 12.95 12.69 12.36 11.82 11.00  9.88  8.50  7.05  5.84  4.98  4.36  3.98  3.86  3.72  3.12  2.89  2.94  3.14  3.36  3.41  3.48  3.63  3.93  4.28  4.62  5.47  6.58  7.81  9.08 10.35 11.57 12.64 13.42 13.75 13.58 12.93 12.05 11.27 10.85 10.82 11.10 11.56 12.04 12.26 11.92 10.83  9.11  7.20  5.63  4.82  4.85
  6.76  7.91  9.30 10.65 11.74 12.52 13.06 13.53 13.98 14.28 14.24 13.85 13.31 12.86 12.53 12.20 11.67 10.83  9.65  8.20  6.77  5.63  4.82  4.22  3.82  3.71  3.69  3.53  3.33  3.32  3.48  3.67  3.71  3.78  3.93  4.18  4.39  4.55  5.12  6.27  7.62  9.01 10.37 11.64 12.75 13.56 13.96 13.90 13.38 12.57 11.80 11.37 11.35 11.70 12.29 12.93 13.33 13.16 12.22 10.59  8.69  7.07  6.16  6.10
  7.92  9.08 10.53 11.98 13.19 14.04 14.58 14.94 15.16 15.12 14.68 13.91 13.12 12.53 12.15 11.81 11.31 10.47  9.26  7.82  6.45  5.40  4.65  4.07  3.65  3.53  3.60  3.86  3.71  3.67  3.79  3.95  3.98  4.05  4.19  4.37  4.41  4.35  4.60  5.78  7.24  8.75 10.19 11.52 12.64 13.47 13.94 14.01 13.65 12.97 12.26 11.84 11.85 12.26 12.96 13.74 14.29 14.27 13.48 11.97 10.11  8.45  7.46  7.31
  9.02 10.18 11.69 13.22 14.52 15.42 15.94 16.17 16.12 15.68 14.79 13.68 12.68 12.00 11.58 11.24 10.76  9.94  8.76  7.38  6.11  5.16  4.49  3.92  3.48  3.33  3.68  4.11  4.05  3.99  4.08  4.21  4.24  4.31  4.43  4.51  4.35  4.08  4.12  5.12  6.67  8.30  9.83 11.20 12.33 13.16 13.67 13.86 13.69 13.20 12.61 12.23 12.28 12.76 13.55 14.43 15.09 15.20 14.56 13.18 11.40  9.74  8.69  8.45
 10.03 11.18 12.72 14.32 15.67 16.60 17.07 17.12 16.74 15.88 14.58 13.17 12.04 11.29 10.86 10.53 10.08  9.31  8.18  6.90  5.75  4.92  4.32  3.77  3.30  3.12  3.74  4.29  4.34  4.29  4.35  4.45  4.48  4.54  4.63  4.60  4.25  3.78  3.60  4.31  5.94  7.67  9.30 10.71 11.84 12.65 13.17 13.45 13.48 13.22 12.80 12.52 12.62 13.15 14.00 14.93 15.64 15.85 15.36 14.17 12.52 10.90  9.81  9.51
 10.90 12.03 13.57 15.19 16.57 17.49 17.87 17.70 16.97 15.69 14.04 12.44 11.24 10.47 10.03  9.72  9.30  8.59  7.56  6.39  5.38  4.68  4.15  3.61  3.12  2.91  3.79  4.43  4.59  4.56  4.59  4.67  4.70  4.76  4.81  4.64  4.15  3.63  3.25  3.40  5.09  6.92  8.62 10.07 11.20 11.99 12.48 12.80 12.99 12.98 12.80 12.66 12.83 13.39 14.26 15.18 15.88 16.14 15.81 14.84 13.38 11.86 10.77 10.43
 11.57 12.67 14.18 15.77 17.13 18.00 18.25 17.84 16.77 15.12 13.23 11.54 10.32  9.57  9.13  8.84  8.46  7.82  6.90  5.87  5.01  4.43  3.97  3.46  2.94  2.96  3.83  4.53  4.80  4.80  4.83  4.88  4.92  4.96  4.95  4.67  4.15  3.63  3.12  2.85  4.15  6.07  7.84  9.33 10.45 11.20 11.65 11.97 12.25 12.47 12.54 12.58 12.84 13.43 14.25 15.09 15.70 15.98 15.81 15.09 13.89 12.54 11.50 11.15
 11.99 13.02 14.46 15.98 17.27 18.05 18.15 17.50 16.13 14.23 12.21 10.51  9.34  8.61  8.19  7.91  7.58  7.02  6.21  5.34  4.64  4.18  3.80  3.30  2.76  3.03  3.88  4.60  4.96  5.02  5.04  5.08  5.11  5.14  5.07  4.71  4.24  3.74  3.15  2.58  3.15  5.15  7.00  8.52  9.64 10.33 10.72 10.99 11.32 11.69 12.00 12.24 12.61 13.19 13.92 14.59 15.07 15.32 15.30 14.86 13.97 12.85 11.94 11.60
 12.08 13.03 14.36 15.77 16.94 17.60 17.55 16.71 15.12 13.08 11.04  9.41  8.30  7.62  7.22  6.96  6.67  6.20  5.52  4.80  4.26  3.93  3.63  3.15  2.58  3.11  3.94  4.67  5.10  5.21  5.24  5.27  5.30  5.31  5.18  4.79  4.38  3.89  3.28  2.55  2.31  4.18  6.10  7.67  8.77  9.41  9.72  9.92 10.23 10.69 11.18 11.62 12.08 12.63 13.22 13.68 13.99 14.19 14.29 14.13 13.58 12.75 12.01 11.72
 11.82 12.68 13.88 15.13 16.16 16.69 16.51 15.52 13.82 11.74  9.77  8.25  7.23  6.60  6.23  5.98  5.74  5.36  4.82  4.26  3.88  3.69  3.46  2.99  2.40  3.21  4.01  4.74  5.21  5.38  5.42  5.45  5.48  5.47  5.28  4.92  4.54  4.08  3.47  2.67  1.66  3.19  5.18  6.78  7.88  8.46  8.68  8.78  9.03  9.51 10.12 10.71 11.24 11.74 12.14 12.38 12.50 12.64 12.84 12.94 12.73 12.22 11.68 11.48
 11.22 11.99 13.04 14.12 14.98 15.38 15.09 14.02 12.30 10.29  8.44  7.06  6.15  5.58  5.22  5.00  4.81  4.52  4.11  3.72  3.50  3.44  3.28  2.84  2.55  3.32  4.09  4.81  5.32  5.53  5.59  5.63  5.65  5.61  5.39  5.07  4.72  4.28  3.69  2.88  1.74  2.35  4.24  5.88  6.96  7.49  7.60  7.60  7.76  8.21  8.87  9.55 10.11 10.53 10.74 10.74 10.68 10.76 11.04 11.37 11.48 11.29 10.98 10.88
 10.33 11.01 11.90 12.80 13.49 13.76 13.40 12.31 10.64  8.75  7.07  5.85  5.05  4.54  4.21  4.01  3.87  3.67  3.40  3.17  3.12  3.19  3.11  2.68  2.68  3.44  4.18  4.88  5.41  5.67  5.75  5.80  5.81  5.75  5.51  5.23  4.90  4.48  3.91  3.11  1.95  1.69  3.28  4.96  6.04  6.50  6.52  6.40  6.45  6.84  7.48  8.19  8.75  9.06  9.07  8.86  8.63  8.64  8.99  9.52  9.92 10.02  9.95  9.98
  9.20  9.81 10.54 11.25 11.78 11.93 11.52 10.45  8.88  7.16  5.67  4.62  3.95  3.50  3.20  3.02  2.92  2.82  2.69  2.63  2.74  2.94  2.94  2.53  2.82  3.57  4.29  4.97  5.50  5.79  5.91  5.96  5.97  5.88  5.65  5.40  5.09  4.67  4.11  3.36  2.23  1.21  2.46  4.04  5.10  5.50  5.42  5.17  5.11  5.40  6.00  6.69  7.20  7.39  7.21  6.80  6.41  6.36  6.77  7.47  8.13  8.51  8.67  8.84
  7.92  8.44  9.03  9.55  9.91  9.95  9.51  8.50  7.06  5.53  4.26  3.39  2.84  2.61  2.35  2.20  2.14  2.10  2.06  2.08  2.36  2.69  2.77  2.37  2.96  3.71  4.42  5.06  5.60  5.92  6.06  6.12  6.12  6.02  5.79  5.56  5.26  4.85  4.31  3.58  2.52  0.88  1.79  3.11  4.17  4.50  4.31  3.94  3.75  3.94  4.46  5.09  5.53  5.58  5.22  4.96  4.52  4.44  4.84  5.29  6.18  6.83  7.22  7.52
  6.52  6.98  7.41  7.75  7.94  7.88  7.42  6.49  5.21  4.09  3.07  2.39  1.97  1.89  1.69  1.58  1.54  1.54  1.55  1.61  1.98  2.44  2.59  2.22  3.11  3.86  4.56  5.16  5.69  6.04  6.20  6.27  6.27  6.15  5.94  5.73  5.43  5.03  4.50  3.79  2.79  0.68  1.29  2.32  3.22  3.50  3.20  2.89  2.64  2.75  3.17  3.70  4.05  4.02  3.58  3.45  3.06  2.97  3.31  3.52  4.47  5.04  5.65  6.09
  5.04  5.44  5.73  5.89  5.91  5.75  5.28  4.72  3.66  2.90  2.15  1.66  1.36  1.34  1.21  1.13  1.12  1.13  1.16  1.25  1.60  2.19  2.42  2.40  3.26  4.03  4.71  5.28  5.79  6.15  6.34  6.42  6.42  6.28  6.09  5.89  5.60  5.20  4.68  4.00  3.04  1.36  0.92  1.69  2.42  2.63  2.29  2.06  1.82  1.87  2.18  2.59  2.84  2.77  2.37  2.27  1.97  1.90  2.14  2.27  3.10  3.53  4.21  4.58
  3.74  3.86  4.23  4.27  4.19  3.98  3.55  3.28  2.48  1.95  1.46  1.15  0.96  0.95  0.88  0.84  0.83  0.84  0.87  0.97  1.28  1.94  2.25  2.54  3.41  4.20  4.87  5.41  5.90  6.27  6.47  6.57  6.56  6.41  6.25  6.04  5.76  5.36  4.85  4.19  3.27  1.79  0.70  1.22  1.77  1.92  1.62  1.43  1.24  1.26  1.47  1.74  1.90  1.84  1.53  1.40  1.22  1.18  1.32  1.43  2.04  2.39  3.01  3.29
  2.66  2.60  2.99  2.96  2.85  2.65  2.31  2.16  1.63  1.25  0.99  0.83  0.74  0.70  0.68  0.67  0.66  0.67  0.68  0.77  1.02  1.69  2.07  2.69  3.57  4.38  5.03  5.55  6.00  6.38  6.61  6.71  6.70  6.54  6.40  6.20  5.91  5.52  5.02  4.37  3.49  2.13  0.60  0.89  1.27  1.36  1.14  0.98  0.88  0.88  0.99  1.13  1.22  1.17  1.00  0.84  0.78  0.77  0.81  0.93  1.28  1.57  2.03  2.29
  1.81  1.72  2.00  1.96  1.86  1.71  1.47  1.34  1.06  0.80  0.71  0.66  0.63  0.60  0.60  0.60  0.60  0.60  0.60  0.65  0.84  1.44  1.90  2.84  3.74  4.55  5.18  5.69  6.12  6.50  6.74  6.85  6.83  6.67  6.54  6.34  6.06  5.68  5.18  4.54  3.69  2.42  0.60  0.69  0.91  0.96  0.83  0.71  0.67  0.67  0.71  0.76  0.79  0.77  0.71  0.60  0.60  0.60  0.60  0.68  0.80  1.03  1.30  1.54
  1.18  1.14  1.28  1.24  1.18  1.09  0.95  0.82  0.73  0.60  0.60  0.60  0.60  0.60  0.60  0.60  0.60  0.60  0.60  0.60  0.71  1.19  1.73  2.99  3.91  4.71  5.34  5.83  6.24  6.61  6.87  6.99  6.96  6.81  6.69  6.49  6.21  5.83  5.34  4.71  3.88  2.68  0.60  0.60  0.69  0.71  0.66  0.60  0.60  0.60  0.60  0.60  0.60  0.60  0.60  0.60  0.60  0.60  0.60  0.60  0.60  0.72  0.82  1.03
  0.78  0.81  0.81  0.79  0.77  0.74  0.69  0.60  0.60  0.60  0.60  0.60  0.60  0.60  0.60  0.60  0.60  0.60  0.60  0.60  0.63  0.99  1.55  3.13  4.07  4.87  5.49  5.98  6.37  6.73  6.99  7.12  7.09  6.94  6.82  6.63  6.35  5.98  5.49  4.87  4.06  2.92  0.60  0.60  0.60  0.60  0.60  0.60  0.60  0.60  0.60  0.60  0.60  0.60  0.60  0.60  0.60  0.60  0.60  0.60  0.60  0.60  0.60  0.73
  0.60  0.65  0.60  0.60  0.60  0.60  0.60  0.60  0.60  0.60  0.60  0.60  0.60  0.60  0.60  0.60  0.60  0.60  0.60  0.60  0.60  0.83  1.62  3.28  4.24  5.03  5.64  6.12  6.50  6.84  7.11  7.25  7.22  7.08  6.96  6.77  6.49  6.12  5.64  5.03  4.24  3.14  1.04  0.60  0.60  0.60  0.60  0.60  0.60  0.60  0.60  0.60  0.60  0.60  0.60  0.60  0.60  0.60  0.60  0.60  0.60  0.60  0.60  0.60
  0.60  0.60  0.60  0.60  0.60  0.60  0.60  0.60  0.60  0.60  0.60  0.60  0.60  0.60  0.60  0.60  0.60  0.60  0.60  0.60  0.60  0.73  1.84  3.43  4.41  5.18  5.79  6.26  6.63  6.95  7.24  7.38  7.35  7.21  7.10  6.90  6.63  6.26  5.79  5.18  4.41  3.35  1.51  0.60  0.60  0.60  0.60  0.60  0.60  0.60  0.60  0.60  0.60  0.60  0.60  0.60  0.60  0.60  0.60  0.60  0.60  0.60  0.60  0.60
  0.60  0.60  0.60  0.60  0.60  0.60  0.60  0.60  0.60  0.60  0.60  0.60  0.60  0.60  0.60  0.60  0.60  0.60  0.60  0.60  0.60  0.65  2.05  3.59  4.57  5.33  5.93  6.39  6.76  7.07  7.35  7.51  7.47  7.34  7.23  7.03  6.76  6.39  5.93  5.33  4.57  3.54  1.87  0.60  0.60  0.60  0.60  0.60  0.60  0.60  0.60  0.60  0.60  0.60  0.60  0.60  0.60  0.60  0.60  0.60  0.60  0.60  0.60  0.60
  0.60  0.60  0.60  0.60  0.60  0.60  0.60  0.60  0.60  0.60  0.60  0.60  0.60  0.60  0.60  0.60  0.60  0.60  0.60  0.60  0.60  0.62  2.27  3.75  4.72  5.47  6.06  6.53  6.89  7.19  7.47  7.63  7.59  7.47  7.36  7.16  6.89  6.53  6.06  5.47  4.72  3.72  2.17  0.60  0.60  0.60  0.60  0.60  0.60  0.60  0.60  0.60  0.60  0.60  0.60  0.60  0.60  0.60  0.60  0.60  0.60  0.60  0.60  0.60
  0.60  0.60  0.60  0.60  0.60  0.60  0.60  0.60  0.60  0.60  0.60  0.60  0.60  0.60  0.60  0.60  0.60  0.60  0.60  0.60  0.60  0.60  2.48  3.91  4.87  5.61  6.20  6.66  7.02  7.30  7.59  7.75  7.71  7.59  7.48  7.29  7.02  6.66  6.20  5.61  4.87  3.90  2.43  0.60  0.60  0.60  0.60  0.60  0.60  0.60  0.60  0.60  0.60  0.60  0.60  0.60  0.60  0.60  0.60  0.60  0.60  0.60  0.60  0.60
  0.60  0.60  0.60  0.60  0.60  0.60  0.60  0.60  0.60  0.60  0.60  0.60  0.60  0.60  0.60  0.60  0.60  0.60  0.60  0.60  0.60  0.60  2.69  4.07  5.02  5.75  6.33  6.79  7.14  7.42  7.70  7.87  7.82  7.72  7.60  7.42  7.14  6.79  6.33  5.75  5.02  4.07  2.67  0.60  0.60  0.60  0.60  0.60  0.60  0.60  0.60  0.60  0.60  0.60  0.60  0.60  0.60  0.60  0.60  0.60  0.60  0.60  0.60  0.60
  0.60  0.60  0.60  0.60  0.60  0.60  0.60  0.60  0.60  0.60  0.60  0.60  0.60  0.60  0.60  0.60  0.60  0.60  0.60  0.60  0.60  0.60  2.90  4.23  5.16  5.88  6.45  6.91  7.27  7.54  7.81  7.99  7.94  7.84  7.73  7.54  7.27  6.91  6.45  5.88  5.16  4.23  2.89  0.60  0.60  0.60  0.60  0.60  0.60  0.60  0.60  0.60  0.60  0.60  0.60  0.60  0.60  0.60  0.60  0.60  0.60  0.60  0.60  0.60
  0.60  0.60  0.60  0.60  0.60  0.60  0.60  0.60  0.60  0.60  0.60  0.60  0.60  0.60  0.60  0.60  0.60  0.60  0.60  0.60  0.60  0.60  3.09  4.38  5.30  6.01  6.58  7.03  7.39  7.66  7.92  8.11  8.05  7.96  7.85  7.66  7.39  7.03  6.58  6.01  5.30  4.38  3.09  0.60  0.60  0.60  0.60  0.60  0.60  0.60  0.60  0.60  0.60  0.60  0.60  0.60  0.60  0.60  0.60  0.60  0.60  0.60  0.60  0.60
  0.60  0.60  0.60  0.60  0.60  0.60  0.60  0.60  0.60  0.60  0.60  0.60  0.60  0.60  0.60  0.60  0.60  0.60  0.60  0.60  0.60  0.60  3.28  4.53  5.43  6.14  6.70  7.15  7.51  7.77  8.03  8.22  8.16  8.07  7.96  7.77  7.51  7.15  6.70  6.14  5.43  4.53  3.28  0.60  0.60  0.60  0.60  0.60  0.60  0.60  0.60  0.60  0.60  0.60  0.60  0.60  0.60  0.60  0.60  0.60  0.60  0.60  0.60  0.60
  0.60  0.60  0.60  0.60  0.60  0.60  0.60  0.60  0.60  0.60  0.60  0.60  0.60  0.60  0.60  0.60  0.60  0.60  0.60  0.60  0.60  1.18  3.46  4.67  5.56  6.26  6.82  7.27  7.62  7.89  8.14  8.33  8.27  8.19  8.08  7.89  7.62  7.27  6.82  6.26  5.56  4.67  3.46  1.18  0.60  0.60  0.60  0.60  0.60  0.60  0.60  0.60  0.60  0.60  0.60  0.60  0.60  0.60  0.60  0.60  0.60  0.60  0.60  0.60
  0.60  0.60  0.60  0.60  0.60  0.60  0.60  0.60  0.60  0.60  0.60  0.60  0.60  0.60  0.60  0.60  0.60  0.60  0.60  0.60  0.60  1.57  3.63  4.81  5.69  6.38  6.94  7.39  7.74  8.00  8.25  8.44  8.38  8.30  8.19  8.00  7.74  7.39  6.94  6.38  5.69  4.81  3.63  1.57  0.60  0.60  0.60  0.60  0.60  0.60  0.60  0.60  0.60  0.60  0.60  0.60  0.60  0.60  0.60  0.60  0.60  0.60  0.60  0.60
  0.60  0.60  0.60  0.60  0.60  0.60  0.60  0.60  0.60  0.60  0.60  0.60  0.60  0.60  0.60  0.60  0.60  0.60  0.60  0.60  0.60  1.89  3.79  4.95  5.81  6.50  7.05  7.50  7.85  8.12  8.35  8.55  8.49  8.41  8.30  8.12  7.85  7.50  7.05  6.50  5.81  4.95  3.79  1.89  0.60  0.60  0.60  0.60  0.60  0.60  0.60  0.60  0.60  0.60  0.60  0.60  0.60  0.60  0.60  0.60  0.60  0.60  0.60  0.60
  0.60  0.60  0.60  0.60  0.60  0.60  0.60  0.60  0.60  0.60  0.60  0.60  0.60  0.60  0.60  0.60  0.60  0.60  0.60  0.60  0.60  2.15  3.94  5.08  5.94  6.62  7.17  7.61  7.96  8.23  8.45  8.66  8.59  8.52  8.41  8.23  7.96  7.61  7.17  6.62  5.94  5.08  3.94  2.15  0.60  0.60  0.60  0.60  0.60  0.60  0.60  0.60  0.60  0.60  0.60  0.60  0.60  0.60  0.60  0.60  0.60  0.60  0.60  0.60
  0.60  0.60  0.60  0.60  0.60  0.60  0.60  0.60  0.60  0.60  0.60  0.60  0.60  0.60  0.60  0.60  0.60  0.60  0.60  0.60  0.60  2.39  4.09  5.21  6.05  6.73  7.28  7.72  8.07  8.33  8.56  8.76  8.70  8.63  8.52  8.33  8.07  7.72  7.28  6.73  6.05  5.21  4.09  2.39  0.60  0.60  0.60  0.60  0.60  0.60  0.60  0.60  0.60  0.60  0.60  0.60  0.60  0.60  0.60  0.60  0.60  0.60  0.60  0.60
  0.60  0.60  0.60  0.60  0.60  0.60  0.60  0.60  0.60  0.60  0.60  0.60  0.60  0.60  0.60  0.60  0.60  0.60  0.60  0.60  0.60  2.60  4.24  5.33  6.17  6.84  7.39  7.83  8.18  8.44  8.66  8.86  8.80  8.74  8.63  8.44  8.18  7.83  7.39  6.84  6.17  5.33  4.24  2.60  0.60  0.60  0.60  0.60  0.60  0.60  0.60  0.60  0.60  0.60  0.60  0.60  0.60  0.60  0.60  0.60  0.60  0.60  0.60  0.60
  0.60  0.60  0.60  0.60  0.60  0.60  0.60  0.60  0.60  0.60  0.60  0.60  0.60  0.60  0.60  0.60  0.60  0.60  0.60  0.60  0.60  2.80  4.38  5.45  6.28  6.95  7.50  7.93  8.28  8.55  8.76  8.97  8.90  8.84  8.73  8.55  8.28  7.93  7.50  6.95  6.28  5.45  4.38  2.80  0.60  0.60  0.60  0.60  0.60  0.60  0.60  0.60  0.60  0.60  0.60  0.60  0.60  0.60  0.60  0.60  0.60  0.60  0.60  0.60
  0.60  0.60  0.60  0.60  0.60  0.60  0.60  0.60  0.60  0.60  0.60  0.60  0.60  0.60  0.60  0.60  0.60  0.60  0.60  0.60  0.60  2.99  4.51  5.57  6.40  7.06  7.60  8.04  8.39  8.65  8.85  9.07  9.00  8.94  8.83  8.65  8.39  8.04  7.60  7.06  6.40  5.57  4.51  2.99  0.60  0.60  0.60  0.60  0.60  0.60  0.60  0.60  0.60  0.60  0.60  0.60  0.60  0.60  0.60  0.60  0.60  0.60  0.60  0.60
  0.60  0.60  0.60  0.60  0.60  0.60  0.60  0.60  0.60  0.60  0.60  0.60  0.60  0.60  0.60  0.60  0.60  0.60  0.60  0.60  0.60  3.16  4.64  5.69  6.51  7.17  7.71  8.14  8.49  8.75  8.95  9.16  9.10  9.04  8.94  8.75  8.49  8.14  7.71  7.17  6.51  5.69  4.64  3.16  0.60  0.60  0.60  0.60  0.60  0.60  0.60  0.60  0.60  0.60  0.60  0.60  0.60  0.60  0.60  0.60  0.60  0.60  0.60  0.60
  0.60  0.60  0.60  0.60  0.60  0.60  0.60  0.60  0.60  0.60  0.60  0.60  0.60  0.60  0.60  0.60  0.60  0.60  0.60  0.60  0.60  3.33  4.77  5.80  6.61  7.27  7.81  8.24  8.59  8.85  9.05  9.26  9.19  9.14  9.04  8.85  8.59  8.24  7.81  7.27  6.61  5.80  4.77  3.33  0.60  0.60  0.60  0.60  0.60  0.60  0.60  0.60  0.60  0.60  0.60  0.60  0.60  0.60  0.60  0.60  0.60  0.60  0.60  0.60
  0.60  0.60  0.60  0.60  0.60  0.60  0.60  0.60  0.60  0.60  0.60  0.60  0.60  0.60  0.60  0.60  0.60  0.60  0.60  0.60  0.60  3.49  4.89  5.91  6.72  7.37  7.91  8.34  8.69  8.95  9.14  9.36  9.29  9.24  9.13  8.95  8.69  8.34  7.91  7.37  6.72  5.91  4.89  3.49  0.60  0.60  0.60  0.60  0.60  0.60  0.60  0.60  0.60  0.60  0.60  0.60  0.60  0.60  0.60  0.60  0.60  0.60  0.60  0.60
  0.60  0.60  0.60  0.60  0.60  0.60  0.60  0.60  0.60  0.60  0.60  0.60  0.60  0.60  0.60  0.60  0.60  0.60  0.60  0.60  0.83  3.64  5.01  6.02  6.82  7.47  8.01  8.44  8.78  9.05  9.24  9.45  9.38  9.34  9.23  9.05  8.78  8.44  8.01  7.47  6.82  6.02  5.01  3.64  0.83  0.60  0.60  0.60  0.60  0.60  0.60  0.60  0.60  0.60  0.60  0.60  0.60  0.60  0.60  0.60  0.60  0.60  0.60  0.60
  0.60  0.60  0.60  0.60  0.60  0.60  0.60  0.60  0.60  0.60  0.60  0.60  0.60  0.60  0.60  0.60  0.60  0.60  0.60  0.60  1.28  3.78  5.13  6.13  6.92  7.57  8.10  8.54  8.88  9.14  9.33  9.55  9.48  9.44  9.33  9.14  8.88  8.54  8.10  7.57  6.92  6.13  5.13  3.78  1.28  0.60  0.60  0.60  0.60  0.60  0.60  0.60  0.60  0.60  0.60  0.60  0.60  0.60  0.60  0.60  0.60  0.60  0.60  0.60
  0.60  0.60  0.60  0.60  0.60  0.60  0.60  0.60  0.60  0.60  0.60  0.60  0.60  0.60  0.60  0.60  0.60  0.60  0.60  0.60  1.61  3.92  5.24  6.23  7.02  7.67  8.20  8.63  8.98  9.24  9.42  9.64  9.57  9.53  9.42  9.24  8.98  8.63  8.20  7.67  7.02  6.23  5.24  3.92  1.61  0.60  0.60  0.60  0.60  0.60  0.60  0.60  0.60  0.60  0.60  0.60  0.60  0.60  0.60  0.60  0.60  0.60  0.60  0.60
  0.60  0.60  0.60  0.60  0.60  0.60  0.60  0.60  0.60  0.60  0.60  0.60  0.60  0.60  0.60  0.60  0.60  0.60  0.60  0.60  1.88  4.05  5.36  6.34  7.12  7.77  8.30  8.73  9.07  9.33  9.51  9.73  9.66  9.62  9.51  9.33  9.07  8.73  8.30  7.77  7.12  6.34  5.36  4.05  1.88  0.60  0.60  0.60  0.60  0.60  0.60  0.60  0.60  0.60  0.60  0.60  0.60  0.60  0.60  0.60  0.60  0.60  0.60  0.60
  0.60  0.60  0.60  0.60  0.60  0.60  0.60  0.60  0.60  0.60  0.60  0.60  0.60  0.60  0.60  0.60  0.60  0.60  0.60  0.60  2.12  4.18  5.46  6.44  7.22  7.86  8.39  8.82  9.16  9.42  9.61  9.82  9.75  9.72  9.61  9.42  9.16  8.82  8.39  7.86  7.22  6.44  5.47  4.18  2.12  0.60  0.60  0.60  0.60  0.60  0.60  0.60  0.60  0.60  0.60  0.60  0.60  0.60  0.60  0.60  0.60  0.60  0.60  0.60
  0.60  0.60  0.60  0.60  0.60  0.60  0.60  0.60  0.60  0.60  0.60  0.60  0.60  0.60  0.60  0.60  0.60  0.60  0.60  0.60  2.33  4.31  5.57  6.54  7.31  7.95  8.48  8.91  9.25  9.51  9.70  9.91  9.84  9.81  9.70  9.51  9.25  8.91  8.48  7.95  7.31  6.54  5.57  4.31  2.33  0.60  0.60  0.60  0.60  0.60  0.60  0.60  0.60  0.60  0.60  0.60  0.60  0.60  0.60  0.60  0.60  0.60  0.60  0.60
  0.60  0.60  0.60  0.60  0.60  0.60  0.60  0.60  0.60  0.60  0.60  0.60  0.60  0.60  0.60  0.60  0.60  0.60  0.60  0.60  2.53  4.43  5.68  6.63  7.41  8.05  8.57  9.00  9.34  9.60  9.79 10.00  9.93  9.90  9.79  9.60  9.34  9.00  8.57  8.05  7.41  6.63  5.68  4.43  2.53  0.60  0.60  0.60  0.60  0.60  0.60  0.60  0.60  0.60  0.60  0.60  0.60  0.60  0.60  0.60  0.60  0.60  0.60  0.60
  0.60  0.60  0.60  0.60  0.60  0.60  0.60  0.60  0.60  0.60  0.60  0.60  0.60  0.60  0.60  0.60  0.60  0.60  0.60  0.60  2.71  4.55  5.78  6.73  7.50  8.14  8.66  9.09  9.43  9.69  9.88 10.08 10.02  9.98  9.88  9.69  9.43  9.09  8.66  8.14  7.50  6.73  5.78  4.55  2.71  0.60  0.60  0.60  0.60  0.60  0.60  0.60  0.60  0.60  0.60  0.60  0.60  0.60  0.60  0.60  0.60  0.60  0.60  0.60
  0.60  0.60  0.60  0.60  0.60  0.60  0.60  0.60  0.60  0.60  0.60  0.60  0.60  0.60  0.60  0.60  0.60  0.60  0.60  0.60  2.88  4.67  5.88  6.82  7.59  8.22  8.75  9.18  9.52  9.78  9.96 10.17 10.11 10.07  9.96  9.78  9.52  9.18  8.75  8.22  7.59  6.82  5.88  4.67  2.88  0.60  0.60  0.60  0.60  0.60  0.60  0.60  0.60  0.60  0.60  0.60  0.60  0.60  0.60  0.60  0.60  0.60  0.60  0.60
  0.60  0.60  0.60  0.60  0.60  0.60  0.60  0.60  0.60  0.60  0.60  0.60  0.60  0.60  0.60  0.60  0.60  0.60  0.60  0.60  3.04  4.78  5.98  6.92  7.68  8.31  8.84  9.26  9.60  9.86 10.05 10.25 10.19 10.16 10.05  9.86  9.60  9.26  8.84  8.31  7.68  6.92  5.98  4.78  3.04  0.60  0.60  0.60  0.60  0.60  0.60  0.60  0.60  0.60  0.60  0.60  0.60  0.60  0.60  0.60  0.60  0.60  0.60  0.60
  0.60  0.60  0.60  0.60  0.60  0.60  0.60  0.60  0.60  0.60  0.60  0.60  0.60  0.60  0.60  0.60  0.60  0.60  0.60  0.60  3.19  4.89  6.08  7.01  7.77  8.40  8.92  9.35  9.69  9.95 10.13 10.34 10.28 10.24 10.13  9.95  9.69  9.35  8.92  8.40  7.77  7.01  6.08  4.89  3.19  0.60  0.60  0.60  0.60  0.60  0.60  0.60  0.60  0.60  0.60  0.60  0.60  0.60  0.60  0.60  0.60  0.60  0.60  0.60
  0.60  0.60  0.60  0.60  0.60  0.60  0.60  0.60  0.60  0.60  0.60  0.60  0.60  0.60  0.60  0.60  0.60  0.60  0.60  0.60  3.33  4.99  6.17  7.10  7.86  8.48  9.01  9.43  9.77 10.03 10.22 10.42 10.36 10.33 10.22 10.03  9.77  9.43  9.01  8.48  7.86  7.10  6.17  4.99  3.33  0.60  0.60  0.60  0.60  0.60  0.60  0.60  0.60  0.60  0.60  0.60  0.60  0.60  0.60  0.60  0.60  0.60  0.60  0.60
  0.60  0.60  0.60  0.60  0.60  0.60  0.60  0.60  0.60  0.60  0.60  0.60  0.60  0.60  0.60  0.60  0.60  0.60  0.60  0.60  3.47  5.10  6.26  7.19  7.94  8.57  9.09  9.52  9.86 10.12 10.30 10.50 10.45 10.41 10.30 10.12  9.86  9.52  9.09  8.57  7.94  7.19  6.26  5.10  3.47  0.60  0.60  0.60  0.60  0.60  0.60  0.60  0.60  0.60  0.60  0.60  0.60  0.60  0.60  0.60  0.60  0.60  0.60  0.60
  0.60  0.60  0.60  0.60  0.60  0.60  0.60  0.60  0.60  0.60  0.60  0.60  0.60  0.60  0.60  0.60  0.60  0.60  0.60  0.60  3.60  5.20  6.36  7.27  8.03  8.65  9.17  9.60  9.94 10.20 10.38 10.58 10.53 10.49 10.38 10.20  9.94  9.60  9.17  8.65  8.03  7.27  6.36  5.20  3.60  0.60  0.60  0.60  0.60  0.60  0.60  0.60  0.60  0.60  0.60  0.60  0.60  0.60  0.60  0.60  0.60  0.60  0.60  0.60
  0.60  0.60  0.60  0.60  0.60  0.60  0.60  0.60  0.60  0.60  0.60  0.60  0.60  0.60  0.60  0.60  0.60  0.60  0.60  0.60  3.73  5.30  6.45  7.36  8.11  8.73  9.25  9.68 10.02 10.28 10.46 10.66 10.61 10.57 10.46 10.28 10.02  9.68  9.25  8.73  8.11  7.36  6.45  5.30  3.73  0.60  0.60  0.60  0.60  0.60  0.60  0.60  0.60  0.60  0.60  0.60  0.60  0.60  0.60  0.60  0.60  0.60  0.60  0.60
  0.60  0.60  0.60  0.60  0.60  0.60  0.60  0.60  0.60  0.60  0.60  0.60  0.60  0.60  0.60  0.60  0.60  0.60  0.60  0.60  3.86  5.40  6.53  7.44  8.19  8.81  9.33  9.76 10.10 10.36 10.54 10.74 10.69 10.65 10.54 10.36 10.10  9.76  9.33  8.81  8.19  7.44  6.53  5.40  3.86  0.60  0.60  0.60  0.60  0.60  0.60  0.60  0.60  0.60  0.60  0.60  0.60  0.60  0.60  0.60  0.60  0.60  0.60  0.60
  0.60  0.60  0.60  0.60  0.60  0.60  0.60  0.60  0.60  0.60  0.60  0.60  0.60  0.60  0.60  0.60  0.60  0.60  0.60  0.91  3.98  5.50  6.62  7.53  8.27  8.89  9.41  9.84 10.18 10.44 10.62 10.81 10.77 10.73 10.62 10.44 10.18  9.84  9.41  8.89  8.27  7.53  6.62  5.50  3.98  0.91  0.60  0.60  0.60  0.60  0.60  0.60  0.60  0.60  0.60  0.60  0.60  0.60  0.60  0.60  0.60  0.60  0.60  0.60
  0.60  0.60  0.60  0.60  0.60  0.60  0.60  0.60  0.60  0.60  0.60  0.60  0.60  0.60  0.60  0.60  0.60  0.60  0.60  1.29  4.09  5.59  6.71  7.61  8.35  8.97  9.49  9.92 10.25 10.51 10.70 10.89 10.84 10.81 10.70 10.51 10.25  9.92  9.49  8.97  8.35  7.61  6.71  5.59  4.09  1.29  0.60  0.60  0.60  0.60  0.60  0.60  0.60  0.60  0.60  0.60  0.60  0.60  0.60  0.60  0.60  0.60  0.60  0.60
  0.60  0.60  0.60  0.60  0.60  0.60  0.60  0.60  0.60  0.60  0.60  0.60  0.60  0.60  0.60  0.60  0.60  0.60  0.60  1.58  4.21  5.68  6.79  7.69  8.43  9.05  9.57  9.99 10.33 10.59 10.78 10.96 10.92 10.88 10.78 10.59 10.33  9.99  9.57  9.05  8.43  7.69  6.79  5.68  4.21  1.58  0.60  0.60  0.60  0.60  0.60  0.60  0.60  0.60  0.60  0.60  0.60  0.60  0.60  0.60  0.60  0.60  0.60  0.60
  0.60  0.60  0.60  0.60  0.60  0.60  0.60  0.60  0.60  0.60  0.60  0.60  0.60  0.60  0.60  0.60  0.60  0.60  0.60  1.82  4.32  5.77  6.88  7.77  8.51  9.13  9.64 10.07 10.41 10.67 10.85 11.04 11.00 10.96 10.85 10.67 10.41 10.07  9.64  9.13  8.51  7.77  6.88  5.77  4.32  1.82  0.60  0.60  0.60  0.60  0.60  0.60  0.60  0.60  0.60  0.60  0.60  0.60  0.60  0.60  0.60  0.60  0.60  0.60
  0.60  0.60  0.60  0.60  0.60  0.60  0.60  0.60  0.60  0.60  0.60  0.60  0.60  0.60  0.60  0.60  0.60  0.60  0.60  2.03  4.42  5.86  6.96  7.85  8.59  9.20  9.72 10.14 10.48 10.74 10.93 11.11 11.07 11.04 10.93 10.74 10.48 10.14  9.72  9.20  8.59  7.85  6.96  5.86  4.42  2.03  0.60  0.60  0.60  0.60  0.60  0.60  0.60  0.60  0.60  0.60  0.60  0.60  0.60  0.60  0.60  0.60  0.60  0.60
  0.60  0.60  0.60  0.60  0.60  0.60  0.60  0.60  0.60  0.60  0.60  0.60  0.60  0.60  0.60  0.60  0.60  0.60  0.60  2.23  4.53  5.95  7.04  7.92  8.66  9.28  9.79 10.22 10.56 10.82 11.00 11.19 11.15 11.11 11.00 10.82 10.56 10.22  9.79  9.28  8.66  7.92  7.04  5.95  4.53  2.23  0.60  0.60  0.60  0.60  0.60  0.60  0.60  0.60  0.60  0.60  0.60  0.60  0.60  0.60  0.60  0.60  0.60  0.60
  0.60  0.60  0.60  0.60  0.60  0.60  0.60  0.60  0.60  0.60  0.60  0.60  0.60  0.60  0.60  0.60  0.60  0.60  0.60  2.41  4.63  6.04  7.12  8.00  8.74  9.35  9.87 10.29 10.63 10.89 11.07 11.26 11.22 11.18 11.07 10.89 10.63 10.29  9.87  9.35  8.74  8.00  7.12  6.04  4.63  2.41  0.60  0.60  0.60  0.60  0.60  0.60  0.60  0.60  0.60  0.60  0.60  0.60  0.60  0.60  0.60  0.60  0.60  0.60
  0.60  0.60  0.60  0.60  0.60  0.60  0.60  0.60  0.60  0.60  0.60  0.60  0.60  0.60  0.60  0.60  0.60  0.60  0.60  2.57  4.73  6.12  7.20  8.08  8.81  9.42  9.94 10.36 10.70 10.96 11.15 11.33 11.29 11.25 11.15 10.96 10.70 10.36  9.94  9.42  8.81  8.08  7.20  6.12  4.73  2.57  0.60  0.60  0.60  0.60  0.60  0.60  0.60  0.60  0.60  0.60  0.60  0.60  0.60  0.60  0.60  0.60  0.60  0.60
  0.60  0.60  0.60  0.60  0.60  0.60  0.60  0.60  0.60  0.60  0.60  0.60  0.60  0.60  0.60  0.60  0.60  0.60  0.60  2.73  4.83  6.20  7.27  8.15  8.88  9.50 10.01 10.43 10.77 11.03 11.22 11.40 11.36 11.33 11.22 11.03 10.77 10.43 10.01  9.50  8.88  8.15  7.27  6.20  4.83  2.73  0.60  0.60  0.60  0.60  0.60  0.60  0.60  0.60  0.60  0.60  0.60  0.60  0.60  0.60  0.60  0.60  0.60  0.60
  0.60  0.60  0.60  0.60  0.60  0.60  0.60  0.60  0.60  0.60  0.60  0.60  0.60  0.60  0.60  0.60  0.60  0.60  0.60  2.88  4.92  6.29  7.35  8.22  8.95  9.57 10.08 10.50 10.84 11.10 11.29 11.47 11.43 11.40 11.29 11.10 10.84 10.50 10.08  9.57  8.95  8.22  7.35  6.29  4.92  2.88  0.60  0.60  0.60  0.60  0.60  0.60  0.60  0.60  0.60  0.60  0.60  0.60  0.60  0.60  0.60  0.60  0.60  0.60
  0.60  0.60  0.60  0.60  0.60  0.60  0.60  0.60  0.60  0.60  0.60  0.60  0.60  0.60  0.60  0.60  0.60  0.60  0.60  3.01  5.01  6.37  7.43  8.30  9.03  9.64 10.15 10.57 10.91 11.17 11.36 11.54 11.50 11.47 11.36 11.17 10.91 10.57 10.15  9.64  9.03  8.30  7.43  6.37  5.01  3.02  0.60  0.60  0.60  0.60  0.60  0.60  0.60  0.60  0.60  0.60  0.60  0.60  0.60  0.60  0.60  0.60  0.60  0.60
  0.60  0.60  0.60  0.60  0.60  0.60  0.60  0.60  0.60  0.60  0.60  0.60  0.60  0.60  0.60  0.60  0.60  0.60  0.60  3.15  5.10  6.45  7.50  8.37  9.10  9.71 10.22 10.64 10.98 11.24 11.43 11.60 11.57 11.53 11.43 11.24 10.98 10.64 10.22  9.71  9.10  8.37  7.50  6.45  5.10  3.15  0.60  0.60  0.60  0.60  0.60  0.60  0.60  0.60  0.60  0.60  0.60  0.60  0.60  0.60  0.60  0.60  0.60  0.60
  0.60  0.60  0.60  0.60  0.60  0.60  0.60  0.60  0.60  0.60  0.60  0.60  0.60  0.60  0.60  0.60  0.60  0.60  0.60  3.28  5.19  6.52  7.57  8.44  9.16  9.78 10.29 10.71 11.05 11.31 11.49 11.67 11.64 11.60 11.49 11.31 11.05 10.71 10.29  9.78  9.16  8.44  7.57  6.52  5.19  3.28  0.60  0.60  0.60  0.60  0.60  0.60  0.60  0.60  0.60  0.60  0.60  0.60  0.60  0.60  0.60  0.60  0.60  0.60
  0.60  0.60  0.60  0.60  0.60  0.60  0.60  0.60  0.60  0.60  0.60  0.60  0.60  0.60  0.60  0.60  0.60  0.60  0.60  3.40  5.28  6.60  7.65  8.51  9.23  9.84 10.36 10.78 11.12 11.38 11.56 11.74 11.71 11.67 11.56 11.38 11.12 10.78 10.36  9.84  9.23  8.51  7.65  6.60  5.28  3.40  0.60  0.60  0.60  0.60  0.60  0.60  0.60  0.60  0.60  0.60  0.60  0.60  0.60  0.60  0.60  0.60  0.60  0.60
  0.60  0.60  0.60  0.60  0.60  0.60  0.60  0.60  0.60  0.60  0.60  0.60  0.60  0.60  0.60  0.60  0.60  0.60  0.60  3.52  5.37  6.68  7.72  8.58  9.30  9.91 10.42 10.84 11.18 11.44 11.63 11.80 11.77 11.74 11.63 11.44 11.18 10.84 10.42  9.91  9.30  8.58  7.72  6.68  5.37  3.52  0.60  0.60  0.60  0.60  0.60  0.60  0.60  0.60  0.60  0.60  0.60  0.60  0.60  0.60  0.60  0.60  0.60  0.60
  0.60  0.60  0.60  0.60  0.60  0.60  0.60  0.60  0.60  0.60  0.60  0.60  0.60  0.60  0.60  0.60  0.60  0.60  0.60  3.63  5.45  6.75  7.79  8.65  9.37  9.98 10.49 10.91 11.25 11.51 11.69 11.87 11.84 11.80 11.69 11.51 11.25 10.91 10.49  9.98  9.37  8.65  7.79  6.75  5.45  3.63  0.60  0.60  0.60  0.60  0.60  0.60  0.60  0.60  0.60  0.60  0.60  0.60  0.60  0.60  0.60  0.60  0.60  0.60
  0.60  0.60  0.60  0.60  0.60  0.60  0.60  0.60  0.60  0.60  0.60  0.60  0.60  0.60  0.60  0.60  0.60  0.60  0.60  3.74  5.53  6.83  7.86  8.71  9.43 10.04 10.55 10.97 11.31 11.57 11.76 11.93 11.90 11.87 11.76 11.57 11.31 10.97 10.55 10.04  9.43  8.71  7.86  6.83  5.53  3.74  0.60  0.60  0.60  0.60  0.60  0.60  0.60  0.60  0.60  0.60  0.60  0.60  0.60  0.60  0.60  0.60  0.60  0.60
  0.60  0.60  0.60  0.60  0.60  0.60  0.60  0.60  0.60  0.60  0.60  0.60  0.60  0.60  0.60  0.60  0.60  0.60  0.60  3.85  5.62  6.90  7.93  8.78  9.50 10.11 10.62 11.04 11.38 11.64 11.82 11.99 11.97 11.93 11.82 11.64 11.38 11.04 10.62 10.11  9.50  8.78  7.93  6.90  5.62  3.85  0.60  0.60  0.60  0.60  0.60  0.60  0.60  0.60  0.60  0.60  0.60  0.60  0.60  0.60  0.60  0.60  0.60  0.60
  0.60  0.60  0.60  0.60  0.60  0.60  0.60  0.60  0.60  0.60  0.60  0.60  0.60  0.60  0.60  0.60  0.60  0.60  0.60  3.96  5.70  6.97  7.99  8.84  9.56 10.17 10.68 11.10 11.44 11.70 11.88 12.05 12.03 11.99 11.88 11.70 11.44 11.10 10.68 10.17  9.56  8.84  7.99  6.97  5.70  3.96  0.60  0.60  0.60  0.60  0.60  0.60  0.60  0.60  0.60  0.60  0.60  0.60  0.60  0.60  0.60  0.60  0.60  0.60
  0.60  0.60  0.60  0.60  0.60  0.60  0.60  0.60  0.60  0.60  0.60  0.60  0.60  0.60  0.60  0.60  0.60  0.60  0.60  4.06  5.78  7.04  8.06  8.91  9.63 10.23 10.74 11.16 11.50 11.76 11.95 12.11 12.09 12.05 11.95 11.76 11.50 11.16 10.74 10.23  9.63  8.91  8.06  7.04  5.78  4.06  0.60  0.60  0.60  0.60  0.60  0.60  0.60  0.60  0.60  0.60  0.60  0.60  0.60  0.60  0.60  0.60  0.60  0.60
  0.60  0.60  0.60  0.60  0.60  0.60  0.60  0.60  0.60  0.60  0.60  0.60  0.60  0.60  0.60  0.60  0.60  0.60  0.60  4.16  5.85  7.11  8.13  8.97  9.69 10.29 10.80 11.22 11.56 11.82 12.01 12.17 12.15 12.12 12.01 11.82 11.56 11.22 10.80 10.29  9.69  8.97  8.13  7.11  5.85  4.16  0.60  0.60  0.60  0.60  0.60  0.60  0.60  0.60  0.60  0.60  0.60  0.60  0.60  0.60  0.60  0.60  0.60  0.60
  0.60  0.60  0.60  0.60  0.60  0.60  0.60  0.60  0.60  0.60  0.60  0.60  0.60  0.60  0.60  0.60  0.60  0.60  0.60  4.25  5.93  7.18  8.19  9.04  9.75 10.36 10.86 11.29 11.62 11.88 12.07 12.23 12.21 12.18 12.07 11.88 11.62 11.29 10.86 10.36  9.75  9.04  8.19  7.18  5.93  4.25  0.60  0.60  0.60  0.60  0.60  0.60  0.60  0.60  0.60  0.60  0.60  0.60  0.60  0.60  0.60  0.60  0.60  0.60
  0.60  0.60  0.60  0.60  0.60  0.60  0.60  0.60  0.60  0.60  0.60  0.60  0.60  0.60  0.60  0.60  0.60  0.60  1.11  4.35  6.00  7.25  8.25  9.10  9.81 10.42 10.92 11.35 11.68 11.94 12.13 12.29 12.27 12.24 12.13 11.94 11.68 11.35 10.92 10.42  9.81  9.10  8.25  7.25  6.00  4.35  1.11  0.60  0.60  0.60  0.60  0.60  0.60  0.60  0.60  0.60  0.60  0.60  0.60  0.60  0.60  0.60  0.60  0.60
  0.60  0.60  0.60  0.60  0.60  0.60  0.60  0.60  0.60  0.60  0.60  0.60  0.60  0.60  0.60  0.60  0.60  0.60  1.40  4.44  6.08  7.31  8.32  9.16  9.87 10.48 10.98 11.40 11.74 12.00 12.19 12.35 12.33 12.30 12.19 12.00 11.74 11.40 10.98 10.48  9.87  9.16  8.32  7.31  6.08  4.44  1.40  0.60  0.60  0.60  0.60  0.60  0.60  0.60  0.60  0.60  0.60  0.60  0.60  0.60  0.60  0.60  0.60  0.60
  0.60  0.60  0.60  0.60  0.60  0.60  0.60  0.60  0.60  0.60  0.60  0.60  0.60  0.60  0.60  0.60  0.60  0.60  1.64  4.53  6.15  7.38  8.38  9.22  9.93 10.54 11.04 11.46 11.80 12.06 12.24 12.41 12.39 12.35 12.24 12.06 11.80 11.46 11.04 10.54  9.93  9.22  8.38  7.38  6.15  4.53  1.64  0.60  0.60  0.60  0.60  0.60  0.60  0.60  0.60  0.60  0.60  0.60  0.60  0.60  0.60  0.60  0.60  0.60
  0.60  0.60  0.60  0.60  0.60  0.60  0.60  0.60  0.60  0.60  0.60  0.60  0.60  0.60  0.60  0.60  0.60  0.60  1.85  4.62  6.22  7.45  8.44  9.28  9.99 10.59 11.10 11.52 11.86 12.12 12.30 12.47 12.45 12.41 12.30 12.12 11.86 11.52 11.10 10.59  9.99  9.28  8.44  7.45  6.22  4.62  1.85  0.60  0.60  0.60  0.60  0.60  0.60  0.60  0.60  0.60  0.60  0.60  0.60  0.60  0.60  0.60  0.60  0.60
  0.60  0.60  0.60  0.60  0.60  0.60  0.60  0.60  0.60  0.60  0.60  0.60  0.60  0.60  0.60  0.60  0.60  0.60  2.03  4.71  6.29  7.51  8.50  9.34 10.05 10.65 11.16 11.58 11.92 12.18 12.36 12.52 12.51 12.47 12.36 12.18 11.92 11.58 11.16 10.65 10.05  9.34  8.50  7.51  6.29  4.71  2.03  0.60  0.60  0.60  0.60  0.60  0.60  0.60  0.60  0.60  0.60  0.60  0.60  0.60  0.60  0.60  0.60  0.60
  0.60  0.60  0.60  0.60  0.60  0.60  0.60  0.60  0.60  0.60  0.60  0.60  0.60  0.60  0.60  0.60  0.60  0.60  2.20  4.79  6.36  7.57  8.56  9.40 10.11 10.71 11.21 11.63 11.97 12.23 12.42 12.58 12.56 12.53 12.42 12.23 11.97 11.63 11.21 10.71 10.11  9.40  8.56  7.57  6.36  4.79  2.20  0.60  0.60  0.60  0.60  0.60  0.60  0.60  0.60  0.60  0.60  0.60  0.60  0.60  0.60  0.60  0.60  0.60
  0.60  0.60  0.60  0.60  0.60  0.60  0.60  0.60  0.60  0.60  0.60  0.60  0.60  0.60  0.60  0.60  0.60  0.60  2.36  4.87  6.43  7.64  8.62  9.46 10.16 10.76 11.27 11.69 12.03 12.29 12.47 12.63 12.62 12.58 12.47 12.29 12.03 11.69 11.27 10.76 10.16  9.46  8.62  7.64  6.43  4.87  2.36  0.60  0.60  0.60  0.60  0.60  0.60  0.60  0.60  0.60  0.60  0.60  0.60  0.60  0.60  0.60  0.60  0.60
  0.60  0.60  0.60  0.60  0.60  0.60  0.60  0.60  0.60  0.60  0.60  0.60  0.60  0.60  0.60  0.60  0.60  0.60  2.51  4.95  6.50  7.70  8.68  9.51 10.22 10.82 11.33 11.74 12.08 12.34 12.53 12.69 12.67 12.64 12.53 12.34 12.08 11.74 11.33 10.82 10.22  9.51  8.68  7.70  6.50  4.95  2.51  0.60  0.60  0.60  0.60  0.60  0.60  0.60  0.60  0.60  0.60  0.60  0.60  0.60  0.60  0.60  0.60  0.60
  0.60  0.60  0.60  0.60  0.60  0.60  0.60  0.60  0.60  0.60  0.60  0.60  0.60  0.60  0.60  0.60  0.60  0.60  2.65  5.03  6.57  7.76  8.74  9.57 10.27 10.87 11.38 11.80 12.14 12.40 12.58 12.74 12.73 12.69 12.58 12.40 12.14 11.80 11.38 10.87 10.27  9.57  8.74  7.76  6.57  5.03  2.65  0.60  0.60  0.60  0.60  0.60  0.60  0.60  0.60  0.60  0.60  0.60  0.60  0.60  0.60  0.60  0.60  0.60
  0.60  0.60  0.60  0.60  0.60  0.60  0.60  0.60  0.60  0.60  0.60  0.60  0.60  0.60  0.60  0.60  0.60  0.60  2.78  5.11  6.63  7.82  8.80  9.63 10.33 10.93 11.43 11.85 12.19 12.45 12.63 12.79 12.78 12.74 12.63 12.45 12.19 11.85 11.43 10.93 10.33  9.63  8.80  7.82  6.63  5.11  2.78  0.60  0.60  0.60  0.60  0.60  0.60  0.60  0.60  0.60  0.60  0.60  0.60  0.60  0.60  0.60  0.60  0.60
  0.60  0.60  0.60  0.60  0.60  0.60  0.60  0.60  0.60  0.60  0.60  0.60  0.60  0.60  0.60  0.60  0.60  0.60  2.91  5.19  6.70  7.88  8.86  9.68 10.38 10.98 11.49 11.91 12.24 12.50 12.69 12.84 12.83 12.80 12.69 12.50 12.24 11.91 11.49 10.98 10.38  9.68  8.86  7.88  6.70  5.19  2.91  0.60  0.60  0.60  0.60  0.60  0.60  0.60  0.60  0.60  0.60  0.60  0.60  0.60  0.60  0.60  0.60  0.60
  0.60  0.60  0.60  0.60  0.60  0.60  0.60  0.60  0.60  0.60  0.60  0.60  0.60  0.60  0.60  0.60  0.60  0.60  3.03  5.27  6.76  7.94  8.91  9.73 10.44 11.03 11.54 11.96 12.29 12.55 12.74 12.89 12.88 12.85 12.74 12.55 12.29 11.96 11.54 11.03 10.44  9.73  8.91  7.94  6.76  5.27  3.03  0.60  0.60  0.60  0.60  0.60  0.60  0.60  0.60  0.60  0.60  0.60  0.60  0.60  0.60  0.60  0.60  0.60
  0.60  0.60  0.60  0.60  0.60  0.60  0.60  0.60  0.60  0.60  0.60  0.60  0.60  0.60  0.60  0.60  0.60  0.60  3.15  5.34  6.83  8.00  8.97  9.79 10.49 11.09 11.59 12.01 12.35 12.61 12.79 12.94 12.93 12.90 12.79 12.61 12.35 12.01 11.59 11.09 10.49  9.79  8.97  8.00  6.83  5.34  3.15  0.60  0.60  0.60  0.60  0.60  0.60  0.60  0.60  0.60  0.60  0.60  0.60  0.60  0.60  0.60  0.60  0.60
  0.60  0.60  0.60  0.60  0.60  0.60  0.60  0.60  0.60  0.60  0.60  0.60  0.60  0.60  0.60  0.60  0.60  0.60  3.26  5.41  6.89  8.05  9.02  9.84 10.54 11.14 11.64 12.06 12.40 12.66 12.84 12.99 12.99 12.95 12.84 12.66 12.40 12.06 11.64 11.14 10.54  9.84  9.02  8.05  6.89  5.41  3.26  0.60  0.60  0.60  0.60  0.60  0.60  0.60  0.60  0.60  0.60  0.60  0.60  0.60  0.60  0.60  0.60  0.60
  0.60  0.60  0.60  0.60  0.60  0.60  0.60  0.60  0.60  0.60  0.60  0.60  0.60  0.60  0.60  0.60  0.60  0.60  3.37  5.49  6.95  8.11  9.08  9.89 10.59 11.19 11.69 12.11 12.45 12.71 12.89 13.04 13.04 13.00 12.89 12.71 12.45 12.11 11.69 11.19 10.59  9.89  9.08  8.11  6.95  5.49  3.37  0.60  0.60  0.60  0.60  0.60  0.60  0.60  0.60  0.60  0.60  0.60  0.60  0.60  0.60  0.60  0.60  0.60
  0.60  0.60  0.60  0.60  0.60  0.60  0.60  0.60  0.60  0.60  0.60  0.60  0.60  0.60  0.60  0.60  0.60  0.60  3.47  5.56  7.01  8.17  9.13  9.95 10.64 11.24 11.74 12.16 12.50 12.76 12.94 13.09 13.08 13.05 12.94 12.76 12.50 12.16 11.74 11.24 10.64  9.95  9.13  8.17  7.01  5.56  3.47  0.60  0.60  0.60  0.60  0.60  0.60  0.60  0.60  0.60  0.60  0.60  0.60  0.60  0.60  0.60  0.60  0.60
  0.60  0.60  0.60  0.60  0.60  0.60  0.60  0.60  0.60  0.60  0.60  0.60  0.60  0.60  0.60  0.60  0.60  0.60  3.57  5.63  7.07  8.22  9.18 10.00 10.69 11.29 11.79 12.21 12.54 12.80 12.99 13.14 13.13 13.10 12.99 12.80 12.54 12.21 11.79 11.29 10.69 10.00  9.18  8.22  7.07  5.63  3.57  0.60  0.60  0.60  0.60  0.60  0.60  0.60  0.60  0.60  0.60  0.60  0.60  0.60  0.60  0.60  0.60  0.60
  0.60  0.60  0.60  0.60  0.60  0.60  0.60  0.60  0.60  0.60  0.60  0.60  0.60  0.60  0.60  0.60  0.60  0.60  3.67  5.70  7.13  8.28  9.23 10.05 10.74 11.34 11.84 12.26 12.59 12.85 13.03 13.19 13.18 13.14 13.03 12.85 12.59 12.26 11.84 11.34 10.74 10.05  9.23  8.28  7.13  5.70  3.67  0.60  0.60  0.60  0.60  0.60  0.60  0.60  0.60  0.60  0.60  0.60  0.60  0.60  0.60  0.60  0.60  0.60
  0.60  0.60  0.60  0.60  0.60  0.60  0.60  0.60  0.60  0.60  0.60  0.60  0.60  0.60  0.60  0.60  0.60  0.60  3.77  5.76  7.19  8.33  9.28 10.10 10.79 11.39 11.89 12.30 12.64 12.90 13.08 13.23 13.23 13.19 13.08 12.90 12.64 12.30 11.89 11.39 10.79 10.10  9.28  8.33  7.19  5.76  3.77  0.60  0.60  0.60  0.60  0.60  0.60  0.60  0.60  0.60  0.60  0.60  0.60  0.60  0.60  0.60  0.60  0.60
  0.60  0.60  0.60  0.60  0.60  0.60  0.60  0.60  0.60  0.60  0.60  0.60  0.60  0.60  0.60  0.60  0.60  0.60  3.86  5.83  7.25  8.38  9.34 10.15 10.84 11.43 11.93 12.35 12.69 12.95 13.13 13.28 13.27 13.24 13.13 12.95 12.69 12.35 11.93 11.43 10.84 10.15  9.34  8.38  7.25  5.83  3.86  0.60  0.60  0.60  0.60  0.60  0.60  0.60  0.60  0.60  0.60  0.60  0.60  0.60  0.60  0.60  0.60  0.60
  0.60  0.60  0.60  0.60  0.60  0.60  0.60  0.60  0.60  0.60  0.60  0.60  0.60  0.60  0.60  0.60  0.60  0.60  3.95  5.90  7.30  8.44  9.39 10.19 10.89 11.48 11.98 12.40 12.73 12.99 13.17 13.32 13.32 13.28 13.17 12.99 12.73 12.40 11.98 11.48 10.89 10.19  9.39  8.44  7.30  5.90  3.95  0.60  0.60  0.60  0.60  0.60  0.60  0.60  0.60  0.60  0.60  0.60  0.60  0.60  0.60  0.60  0.60  0.60
  0.60  0.60  0.60  0.60  0.60  0.60  0.60  0.60  0.60  0.60  0.60  0.60  0.60  0.60  0.60  0.60  0.60  0.60  4.04  5.96  7.36  8.49  9.44 10.24 10.94 11.53 12.03 12.44 12.78 13.04 13.22 13.37 13.37 13.33 13.22 13.04 12.78 12.44 12.03 11.53 10.94 10.24  9.44  8.49  7.36  5.96  4.04  0.60  0.60  0.60  0.60  0.60  0.60  0.60  0.60  0.60  0.60  0.60  0.60  0.60  0.60  0.60  0.60  0.60
  0.60  0.60  0.60  0.60  0.60  0.60  0.60  0.60  0.60  0.60  0.60  0.60  0.60  0.60  0.60  0.60  0.60  0.60  4.13  6.02  7.42  8.54  9.48 10.29 10.98 11.57 12.07 12.49 12.82 13.08 13.26 13.41 13.41 13.37 13.26 13.08 12.82 12.49 12.07 11.57 10.98 10.29  9.48  8.54  7.42  6.02  4.13  0.60  0.60  0.60  0.60  0.60  0.60  0.60  0.60  0.60  0.60  0.60  0.60  0.60  0.60  0.60  0.60  0.60
  0.60  0.60  0.60  0.60  0.60  0.60  0.60  0.60  0.60  0.60  0.60  0.60  0.60  0.60  0.60  0.60  0.60  0.60  4.21  6.09  7.47  8.59  9.53 10.34 11.03 11.62 12.12 12.53 12.87 13.13 13.31 13.45 13.45 13.42 13.31 13.13 12.87 12.53 12.12 11.62 11.03 10.34  9.53  8.59  7.47  6.09  4.21  0.60  0.60  0.60  0.60  0.60  0.60  0.60  0.60  0.60  0.60  0.60  0.60  0.60  0.60  0.60  0.60  0.60
  0.60  0.60  0.60  0.60  0.60  0.60  0.60  0.60  0.60  0.60  0.60  0.60  0.60  0.60  0.60  0.60  0.60  0.60  4.30  6.15  7.52  8.64  9.58 10.38 11.07 11.66 12.16 12.58 12.91 13.17 13.35 13.50 13.50 13.46 13.35 13.17 12.91 12.58 12.16 11.66 11.07 10.38  9.58  8.64  7.52  6.15  4.30  0.60  0.60  0.60  0.60  0.60  0.60  0.60  0.60  0.60  0.60  0.60  0.60  0.60  0.60  0.60  0.60  0.60
  0.60  0.60  0.60  0.60  0.60  0.60  0.60  0.60  0.60  0.60  0.60  0.60  0.60  0.60  0.60  0.60  0.60  0.60  4.38  6.21  7.58  8.69  9.63 10.43 11.12 11.71 12.20 12.62 12.95 13.21 13.39 13.54 13.54 13.50 13.39 13.21 12.95 12.62 12.20 11.71 11.12 10.43  9.63  8.69  7.58  6.21  4.38  0.60  0.60  0.60  0.60  0.60  0.60  0.60  0.60  0.60  0.60  0.60  0.60  0.60  0.60  0.60  0.60  0.60
  0.60  0.60  0.60  0.60  0.60  0.60  0.60  0.60  0.60  0.60  0.60  0.60  0.60  0.60  0.60  0.60  0.60  0.60  4.46  6.27  7.63  8.74  9.67 10.47 11.16 11.75 12.25 12.66 13.00 13.25 13.44 13.58 13.58 13.54 13.44 13.25 13.00 12.66 12.25 11.75 11.16 10.47  9.67  8.74  7.63  6.27  4.46  0.60  0.60  0.60  0.60  0.60  0.60  0.60  0.60  0.60  0.60  0.60  0.60  0.60  0.60  0.60  0.60  0.60
  0.60  0.60  0.60  0.60  0.60  0.60  0.60  0.60  0.60  0.60  0.60  0.60  0.60  0.60  0.60  0.60  0.60  0.82  4.54  6.33  7.68  8.79  9.72 10.52 11.20 11.79 12.29 12.70 13.04 13.29 13.48 13.62 13.62 13.59 13.48 13.29 13.04 12.70 12.29 11.79 11.20 10.52  9.72  8.79  7.68  6.33  4.54  0.82  0.60  0.60  0.60  0.60  0.60  0.60  0.60  0.60  0.60  0.60  0.60  0.60  0.60  0.60  0.60  0.60
  0.60  0.60  0.60  0.60  0.60  0.60  0.60  0.60  0.60  0.60  0.60  0.60  0.60  0.60  0.60  0.60  0.60  1.15  4.61  6.39  7.73  8.83  9.76 10.56 11.25 11.83 12.33 12.74 13.08 13.34 13.52 13.66 13.66 13.63 13.52 13.34 13.08 12.74 12.33 11.83 11.25 10.56  9.76  8.83  7.73  6.39  4.61  1.15  0.60  0.60  0.60  0.60  0.60  0.60  0.60  0.60  0.60  0.60  0.60  0.60  0.60  0.60  0.60  0.60
  0.60  0.60  0.60  0.60  0.60  0.60  0.60  0.60  0.60  0.60  0.60  0.60  0.60  0.60  0.60  0.60  0.60  1.41  4.69  6.45  7.79  8.88  9.81 10.60 11.29 11.88 12.37 12.78 13.12 13.38 13.56 13.70 13.70 13.67 13.56 13.38 13.12 12.78 12.37 11.88 11.29 10.60  9.81  8.88  7.79  6.45  4.69  1.41  0.60  0.60  0.60  0.60  0.60  0.60  0.60  0.60  0.60  0.60  0.60  0.60  0.60  0.60  0.60  0.60
  0.60  0.60  0.60  0.60  0.60  0.60  0.60  0.60  0.60  0.60  0.60  0.60  0.60  0.60  0.60  0.60  0.60  1.62  4.76  6.51  7.84  8.93  9.85 10.65 11.33 11.92 12.41 12.82 13.16 13.42 13.60 13.74 13.74 13.71 13.60 13.42 13.16 12.82 12.41 11.92 11.33 10.65  9.85  8.93  7.84  6.51  4.76  1.62  0.60  0.60  0.60  0.60  0.60  0.60  0.60  0.60  0.60  0.60  0.60  0.60  0.60  0.60  0.60  0.60
  0.60  0.60  0.60  0.60  0.60  0.60  0.60  0.60  0.60  0.60  0.60  0.60  0.60  0.60  0.60  0.60  0.60  1.81  4.83  6.56  7.89  8.97  9.90 10.69 11.37 11.96 12.45 12.86 13.20 13.45 13.64 13.78 13.78 13.74 13.64 13.45 13.20 12.86 12.45 11.96 11.37 10.69  9.90  8.97  7.89  6.56  4.83  1.81  0.60  0.60  0.60  0.60  0.60  0.60  0.60  0.60  0.60  0.60  0.60  0.60  0.60  0.60  0.60  0.60
  0.60  0.60  0.60  0.60  0.60  0.60  0.60  0.60  0.60  0.60  0.60  0.60  0.60  0.60  0.60  0.60  0.60  1.98  4.91  6.62  7.93  9.02  9.94 10.73 11.41 12.00 12.49 12.90 13.24 13.49 13.67 13.81 13.82 13.78 13.67 13.49 13.24 12.90 12.49 12.00 11.41 10.73  9.94  9.02  7.93  6.62  4.91  1.98  0.60  0.60  0.60  0.60  0.60  0.60  0.60  0.60  0.60  0.60  0.60  0.60  0.60  0.60  0.60  0.60
  0.60  0.60  0.60  0.60  0.60  0.60  0.60  0.60  0.60  0.60  0.60  0.60  0.60  0.60  0.60  0.60  0.60  2.14  4.98  6.67  7.98  9.06  9.98 10.77 11.45 12.03 12.53 12.94 13.27 13.53 13.71 13.85 13.86 13.82 13.71 13.53 13.27 12.94 12.53 12.03 11.45 10.77  9.98  9.06  7.98  6.67  4.98  2.14  0.60  0.60  0.60  0.60  0.60  0.60  0.60  0.60  0.60  0.60  0.60  0.60  0.60  0.60  0.60  0.60
  0.60  0.60  0.60  0.60  0.60  0.60  0.60  0.60  0.60  0.60  0.60  0.60  0.60  0.60  0.60  0.60  0.60  2.29  5.04  6.73  8.03  9.11 10.02 10.81 11.49 12.07 12.57 12.98 13.31 13.57 13.75 13.89 13.89 13.86 13.75 13.57 13.31 12.98 12.57 12.07 11.49 10.81 10.02  9.11  8.03  6.73  5.04  2.29  0.60  0.60  0.60  0.60  0.60  0.60  0.60  0.60  0.60  0.60  0.60  0.60  0.60  0.60  0.60  0.60
  0.60  0.60  0.60  0.60  0.60  0.60  0.60  0.60  0.60  0.60  0.60  0.60  0.60  0.60  0.60  0.60  0.60  2.43  5.11  6.78  8.08  9.15 10.07 10.85 11.53 12.11 12.60 13.02 13.35 13.60 13.78 13.92 13.93 13.89 13.78 13.60 13.35 13.02 12.60 12.11 11.53 10.85 10.07  9.15  8.08  6.78  5.11  2.43  0.60  0.60  0.60  0.60  0.60  0.60  0.60  0.60  0.60  0.60  0.60  0.60  0.60  0.60  0.60  0.60
  0.60  0.60  0.60  0.60  0.60  0.60  0.60  0.60  0.60  0.60  0.60  0.60  0.60  0.60  0.60  0.60  0.60  2.56  5.18  6.83  8.13  9.20 10.11 10.89 11.57 12.15 12.64 13.05 13.38 13.64 13.82 13.96 13.97 13.93 13.82 13.64 13.38 13.05 12.64 12.15 11.57 10.89 10.11  9.20  8.13  6.83  5.18  2.56  0.60  0.60  0.60  0.60  0.60  0.60  0.60  0.60  0.60  0.60  0.60  0.60  0.60  0.60  0.60  0.60
  0.60  0.60  0.60  0.60  0.60  0.60  0.60  0.60  0.60  0.60  0.60  0.60  0.60  0.60  0.60  0.60  0.60  2.68  5.24  6.89  8.17  9.24 10.15 10.93 11.61 12.19 12.68 13.09 13.42 13.67 13.86 13.99 14.00 13.96 13.86 13.67 13.42 13.09 12.68 12.19 11.61 10.93 10.15  9.24  8.17  6.89  5.24  2.68  0.60  0.60  0.60  0.60  0.60  0.60  0.60  0.60  0.60  0.60  0.60  0.60  0.60  0.60  0.60  0.60
  0.60  0.60  0.60  0.60  0.60  0.60  0.60  0.60  0.60  0.60  0.60  0.60  0.60  0.60  0.60  0.60  0.60  2.80  5.31  6.94  8.22  9.28 10.19 10.97 11.64 12.22 12.71 13.12 13.45 13.71 13.89 14.03 14.03 14.00 13.89 13.71 13.45 13.12 12.71 12.22 11.64 10.97 10.19  9.28  8.22  6.94  5.31  2.80  0.60  0.60  0.60  0.60  0.60  0.60  0.60  0.60  0.60  0.60  0.60  0.60  0.60  0.60  0.60  0.60
  0.60  0.60  0.60  0.60  0.60  0.60  0.60  0.60  0.60  0.60  0.60  0.60  0.60  0.60  0.60  0.60  0.60  2.91  5.37  6.99  8.26  9.32 10.23 11.01 11.68 12.26 12.75 13.16 13.49 13.74 13.92 14.06 14.07 14.03 13.92 13.74 13.49 13.16 12.75 12.26 11.68 11.01 10.23  9.32  8.26  6.99  5.37  2.91  0.60  0.60  0.60  0.60  0.60  0.60  0.60  0.60  0.60  0.60  0.60  0.60  0.60  0.60  0.60  0.60
  0.60  0.60  0.60  0.60  0.60  0.60  0.60  0.60  0.60  0.60  0.60  0.60  0.60  0.60  0.60  0.60  0.60  3.02  5.44  7.04  8.31  9.36 10.26 11.04 11.71 12.29 12.78 13.19 13.52 13.78 13.96 14.09 14.10 14.07 13.96 13.78 13.52 13.19 12.78 12.29 11.72 11.04 10.26  9.36  8.31  7.04  5.44  3.02  0.60  0.60  0.60  0.60  0.60  0.60  0.60  0.60  0.60  0.60  0.60  0.60  0.60  0.60  0.60  0.60
  0.60  0.60  0.60  0.60  0.60  0.60  0.60  0.60  0.60  0.60  0.60  0.60  0.60  0.60  0.60  0.60  0.60  3.13  5.50  7.09  8.35  9.40 10.30 11.08 11.75 12.33 12.82 13.22 13.55 13.81 13.99 14.12 14.13 14.10 13.99 13.81 13.55 13.22 12.82 12.33 11.75 11.08 10.30  9.40  8.35  7.09  5.50  3.13  0.60  0.60  0.60  0.60  0.60  0.60  0.60  0.60  0.60  0.60  0.60  0.60  0.60  0.60  0.60  0.60
  0.60  0.60  0.60  0.60  0.60  0.60  0.60  0.60  0.60  0.60  0.60  0.60  0.60  0.60  0.60  0.60  0.60  3.23  5.56  7.14  8.39  9.44 10.34 11.12 11.79 12.36 12.85 13.26 13.59 13.84 14.02 14.16 14.17 14.13 14.02 13.84 13.59 13.26 12.85 12.36 11.79 11.12 10.34  9.44  8.39  7.14  5.56  3.23  0.60  0.60  0.60  0.60  0.60  0.60  0.60  0.60  0.60  0.60  0.60  0.60  0.60  0.60  0.60  0.60
  0.60  0.60  0.60  0.60  0.60  0.60  0.60  0.60  0.60  0.60  0.60  0.60  0.60  0.60  0.60  0.60  0.60  3.33  5.62  7.19  8.44  9.48 10.38 11.15 11.82 12.39 12.88 13.29 13.62 13.87 14.05 14.19 14.20 14.16 14.05 13.87 13.62 13.29 12.88 12.39 11.82 11.15 10.38  9.48  8.44  7.19  5.62  3.33  0.60  0.60  0.60  0.60  0.60  0.60  0.60  0.60  0.60  0.60  0.60  0.60  0.60  0.60  0.60  0.60
  0.60  0.60  0.60  0.60  0.60  0.60  0.60  0.60  0.60  0.60  0.60  0.60  0.60  0.60  0.60  0.60  0.60  3.42  5.68  7.24  8.48  9.52 10.41 11.19 11.85 12.43 12.91 13.32 13.65 13.90 14.08 14.22 14.23 14.19 14.08 13.90 13.65 13.32 12.91 12.43 11.85 11.19 10.41  9.52  8.48  7.24  5.68  3.42  0.60  0.60  0.60  0.60  0.60  0.60  0.60  0.60  0.60  0.60  0.60  0.60  0.60  0.60  0.60  0.60
  0.60  0.60  0.60  0.60  0.60  0.60  0.60  0.60  0.60  0.60  0.60  0.60  0.60  0.60  0.60  0.60  0.60  3.52  5.74  7.28  8.52  9.56 10.45 11.22 11.89 12.46 12.95 13.35 13.68 13.93 14.11 14.25 14.26 14.22 14.11 13.93 13.68 13.35 12.95 12.46 11.89 11.22 10.45  9.56  8.52  7.28  5.74  3.52  0.60  0.60  0.60  0.60  0.60  0.60  0.60  0.60  0.60  0.60  0.60  0.60  0.60  0.60  0.60  0.60
  0.60  0.60  0.60  0.60  0.60  0.60  0.60  0.60  0.60  0.60  0.60  0.60  0.60  0.60  0.60  0.60  0.60  3.61  5.79  7.33  8.56  9.60 10.49 11.25 11.92 12.49 12.98 13.38 13.71 13.96 14.14 14.27 14.29 14.25 14.14 13.96 13.71 13.38 12.98 12.49 11.92 11.25 10.49  9.60  8.56  7.33  5.79  3.61  0.60  0.60  0.60  0.60  0.60  0.60  0.60  0.60  0.60  0.60  0.60  0.60  0.60  0.60  0.60  0.60
  0.60  0.60  0.60  0.60  0.60  0.60  0.60  0.60  0.60  0.60  0.60  0.60  0.60  0.60  0.60  0.60  0.60  3.69  5.85  7.38  8.60  9.64 10.52 11.29 11.95 12.52 13.01 13.41 13.74 13.99 14.17 14.30 14.32 14.28 14.17 13.99 13.74 13.41 13.01 12.52 11.95 11.29 10.52  9.64  8.60  7.38  5.85  3.69  0.60  0.60  0.60  0.60  0.60  0.60  0.60  0.60  0.60  0.60  0.60  0.60  0.60  0.60  0.60  0.60
  0.60  0.60  0.60  0.60  0.60  0.60  0.60  0.60  0.60  0.60  0.60  0.60  0.60  0.60  0.60  0.60  0.60  3.78  5.91  7.42  8.64  9.67 10.56 11.32 11.98 12.55 13.04 13.44 13.77 14.02 14.20 14.33 14.34 14.31 14.20 14.02 13.77 13.44 13.04 12.55 11.98 11.32 10.56  9.67  8.64  7.42  5.91  3.78  0.60  0.60  0.60  0.60  0.60  0.60  0.60  0.60  0.60  0.60  0.60  0.60  0.60  0.60  0.60  0.60
  0.60  0.60  0.60  0.60  0.60  0.60  0.60  0.60  0.60  0.60  0.60  0.60  0.60  0.60  0.60  0.60  0.60  3.86  5.96  7.47  8.68  9.71 10.59 11.35 12.01 12.58 13.07 13.47 13.80 14.05 14.23 14.36 14.37 14.34 14.23 14.05 13.80 13.47 13.07 12.58 12.01 11.35 10.59  9.71  8.68  7.47  5.96  3.86  0.60  0.60  0.60  0.60  0.60  0.60  0.60  0.60  0.60  0.60  0.60  0.60  0.60  0.60  0.60  0.60
  0.60  0.60  0.60  0.60  0.60  0.60  0.60  0.60  0.60  0.60  0.60  0.60  0.60  0.60  0.60  0.60  0.60  3.95  6.02  7.51  8.72  9.74 10.62 11.38 12.04 12.61 13.10 13.50 13.83 14.08 14.26 14.38 14.40 14.36 14.26 14.08 13.83 13.50 13.10 12.61 12.04 11.38 10.62  9.74  8.72  7.51  6.02  3.95  0.60  0.60  0.60  0.60  0.60  0.60  0.60  0.60  0.60  0.60  0.60  0.60  0.60  0.60  0.60  0.60
  0.60  0.60  0.60  0.60  0.60  0.60  0.60  0.60  0.60  0.60  0.60  0.60  0.60  0.60  0.60  0.60  0.60  4.03  6.07  7.56  8.76  9.78 10.66 11.42 12.07 12.64 13.12 13.53 13.85 14.10 14.28 14.41 14.43 14.39 14.28 14.10 13.85 13.53 13.12 12.64 12.07 11.42 10.66  9.78  8.76  7.56  6.07  4.03  0.60  0.60  0.60  0.60  0.60  0.60  0.60  0.60  0.60  0.60  0.60  0.60  0.60  0.60  0.60  0.60
  0.60  0.60  0.60  0.60  0.60  0.60  0.60  0.60  0.60  0.60  0.60  0.60  0.60  0.60  0.60  0.60  0.60  4.10  6.12  7.60  8.80  9.81 10.69 11.45 12.10 12.67 13.15 13.55 13.88 14.13 14.31 14.44 14.45 14.42 14.31 14.13 13.88 13.55 13.15 12.67 12.10 11.45 10.69  9.81  8.80  7.60  6.12  4.10  0.60  0.60  0.60  0.60  0.60  0.60  0.60  0.60  0.60  0.60  0.60  0.60  0.60  0.60  0.60  0.60
  0.60  0.60  0.60  0.60  0.60  0.60  0.60  0.60  0.60  0.60  0.60  0.60  0.60  0.60  0.60  0.60  0.60  4.18  6.18  7.64  8.84  9.85 10.72 11.48 12.13 12.70 13.18 13.58 13.91 14.16 14.33 14.46 14.48 14.44 14.33 14.16 13.91 13.58 13.18 12.70 12.13 11.48 10.72  9.85  8.84  7.64  6.18  4.18  0.60  0.60  0.60  0.60  0.60  0.60  0.60  0.60  0.60  0.60  0.60  0.60  0.60  0.60  0.60  0.60
  0.60  0.60  0.60  0.60  0.60  0.60  0.60  0.60  0.60  0.60  0.60  0.60  0.60  0.60  0.60  0.60  0.60  4.26  6.23  7.69  8.87  9.88 10.75 11.51 12.16 12.72 13.21 13.61 13.93 14.18 14.36 14.49 14.50 14.47 14.36 14.18 13.93 13.61 13.21 12.72 12.16 11.51 10.75  9.88  8.87  7.69  6.23  4.26  0.60  0.60  0.60  0.60  0.60  0.60  0.60  0.60  0.60  0.60  0.60  0.60  0.60  0.60  0.60  0.60
  0.60  0.60  0.60  0.60  0.60  0.60  0.60  0.60  0.60  0.60  0.60  0.60  0.60  0.60  0.60  0.60  0.60  4.33  6.28  7.73  8.91  9.92 10.78 11.54 12.19 12.75 13.23 13.63 13.96 14.21 14.38 14.51 14.53 14.49 14.38 14.21 13.96 13.63 13.23 12.75 12.19 11.54 10.78  9.92  8.91  7.73  6.28  4.33  0.60  0.60  0.60  0.60  0.60  0.60  0.60  0.60  0.60  0.60  0.60  0.60  0.60  0.60  0.60  0.60
  0.60  0.60  0.60  0.60  0.60  0.60  0.60  0.60  0.60  0.60  0.60  0.60  0.60  0.60  0.60  0.60  0.60  4.40  6.33  7.77  8.95  9.95 10.81 11.56 12.22 12.78 13.26 13.66 13.98 14.23 14.41 14.53 14.55 14.51 14.41 14.23 13.98 13.66 13.26 12.78 12.22 11.56 10.81  9.95  8.95  7.77  6.33  4.40  0.60  0.60  0.60  0.60  0.60  0.60  0.60  0.60  0.60  0.60  0.60  0.60  0.60  0.60  0.60  0.60
  0.60  0.60  0.60  0.60  0.60  0.60  0.60  0.60  0.60  0.60  0.60  0.60  0.60  0.60  0.60  0.60  0.60  4.47  6.38  7.81  8.98  9.98 10.84 11.59 12.24 12.80 13.28 13.68 14.00 14.25 14.43 14.55 14.57 14.54 14.43 14.25 14.00 13.68 13.28 12.80 12.24 11.59 10.84  9.98  8.98  7.81  6.38  4.47  0.60  0.60  0.60  0.60  0.60  0.60  0.60  0.60  0.60  0.60  0.60  0.60  0.60  0.60  0.60  0.60
  0.60  0.60  0.60  0.60  0.60  0.60  0.60  0.60  0.60  0.60  0.60  0.60  0.60  0.60  0.60  0.60  0.60  4.54  6.43  7.85  9.02 10.01 10.87 11.62 12.27 12.83 13.31 13.70 14.03 14.28 14.45 14.58 14.59 14.56 14.45 14.28 14.03 13.70 13.31 12.83 12.27 11.62 10.87 10.01  9.02  7.85  6.43  4.54  0.60  0.60  0.60  0.60  0.60  0.60  0.60  0.60  0.60  0.60  0.60  0.60  0.60  0.60  0.60  0.60
  0.00  0.00  0.00  0.00  0.00  0.00  0.00  0.00  0.00  0.00  0.00  0.00  0.00  0.00  0.00  0.00  0.00  4.57  6.45  7.87  9.03 10.03 10.88 11.63 12.28 12.84 13.32 13.71 14.04 14.29 14.46 14.57 14.60 14.57 14.46 14.29 14.04 13.71 13.32 12.84 12.28 11.63 10.88 10.03  9.03  7.87  6.45  4.57  0.00  0.00  0.00  0.00  0.00  0.00  0.00  0.00  0.00  0.00  0.00  0.00  0.00  0.00  0.00  0.00
