  0.60  0.60  0.60  0.60  0.60  0.60  0.60  0.60  0.60  0.60  0.60  0.60  0.60  0.60  0.60  0.60  0.60  0.60  0.60  0.60  0.60  0.60  0.60  0.60  0.60  0.60  0.60  0.60  0.60  0.60  0.60  0.60  0.60  0.60  0.60  0.60  0.60  0.60  0.60  0.60  0.60  0.60  0.60  0.60  0.60  0.60  0.60  0.60  0.60  0.60  0.60  0.60  0.60  0.60  0.60  0.60  0.60  0.60  0.60  0.60  0.60  0.60  0.60  0.60
  0.60  0.60  0.60  0.60  0.60  0.60  0.60  0.60  0.60  0.60  0.60  0.60  0.60  0.60  0.60  0.60  0.60  0.60  0.60  0.60  0.60  0.60  0.60  0.60  0.60  0.60  0.60  0.60  0.60  0.60  0.60  0.60  0.60  0.60  0.63  0.60  0.60  0.60  0.60  0.60  0.60  0.60  0.60  0.60  0.60  0.60  0.60  0.60  0.60  0.60  0.60  0.60  0.60  0.60  0.60  0.60  0.60  0.60  0.60  0.60  0.60  0.60  0.60  0.60
  0.60  0.60  0.60  0.60  0.60  0.60  0.60  0.60  0.60  0.60  0.60  0.60  0.60  0.60  0.60  0.60  0.60  0.60  0.60  0.60  0.60  0.60  0.60  0.60  0.60  0.60  0.60  0.60  0.60  0.60  0.60  0.60  0.60  0.63  0.65  0.60  0.60  0.60  0.60  0.60  0.60  0.60  0.60  0.60  0.60  0.60  0.60  0.60  0.60  0.60  0.60  0.60  0.60  0.60  0.60  0.60  0.60  0.60  0.60  0.60  0.60  0.60  0.60  0.60
  0.60  0.60  0.60  0.60  0.60  0.60  0.60  0.60  0.60  0.60  0.60  0.60  0.60  0.60  0.60  0.60  0.60  0.60  0.60  0.60  0.60  0.60  0.60  0.60  0.60  0.60  0.60  0.60  0.60  0.60  0.60  0.60  0.60  0.66  0.68  0.60  0.60  0.60  0.60  0.60  0.60  0.60  0.60  0.60  0.60  0.60  0.60  0.60  0.60  0.60  0.60  0.60  0.60  0.60  0.60  0.60  0.60  0.60  0.60  0.60  0.60  0.60  0.60  0.60
  0.60  0.60  0.60  0.60  0.60  0.60  0.60  0.60  0.60  0.60  0.60  0.60  0.60  0.60  0.60  0.60  0.60  0.60  0.60  0.60  0.60  0.60  0.60  0.60  0.60  0.60  0.60  0.60  0.60  0.60  0.60  0.60  0.60  0.68  0.70  0.61  0.60  0.60  0.60  0.60  0.60  0.60  0.60  0.60  0.60  0.60  0.60  0.60  0.60  0.60  0.60  0.60  0.60  0.60  0.60  0.60  0.60  0.60  0.60  0.60  0.60  0.60  0.60  0.60
  0.60  0.60  0.60  0.60  0.60  0.60  0.60  0.60  0.60  0.60  0.60  0.60  0.60  0.60  0.60  0.60  0.60  0.60  0.60  0.60  0.60  0.60  0.60  0.60  0.60  0.60  0.60  0.60  0.60  0.60  0.60  0.60  0.61  0.71  0.73  0.63  0.60  0.60  0.60  0.60  0.60  0.60  0.60  0.60  0.60  0.60  0.60  0.60  0.60  0.60  0.60  0.60  0.60  0.60  0.60  0.60  0.60  0.60  0.60  0.60  0.60  0.60  0.60  0.60
  0.60  0.60  0.60  0.60  0.60  0.60  0.60  0.60  0.60  0.60  0.60  0.60  0.60  0.60  0.60  0.60  0.60  0.60  0.60  0.60  0.60  0.60  0.60  0.60  0.60  0.60  0.60  0.60  0.60  0.60  0.60  0.60  0.62  0.74  0.75  0.66  0.61  0.60  0.60  0.60  0.60  0.60  0.60  0.60  0.60  0.60  0.60  0.60  0.60  0.60  0.60  0.60  0.60  0.60  0.60  0.60  0.60  0.60  0.60  0.60  0.60  0.60  0.60  0.60
  0.60  0.60  0.60  0.60  0.60  0.60  0.60  0.60  0.60  0.60  0.60  0.60  0.60  0.60  0.60  0.60  0.60  0.60  0.60  0.60  0.60  0.60  0.60  0.60  0.60  0.60  0.60  0.60  0.60  0.60  0.60  0.60  0.63  0.76  0.78  0.69  0.62  0.60  0.60  0.60  0.60  0.60  0.61  0.60  0.60  0.60  0.60  0.60  0.60  0.60  0.60  0.60  0.60  0.60  0.60  0.60  0.60  0.60  0.60  0.60  0.60  0.60  0.60  0.60
  0.60  0.60  0.60  0.60  0.60  0.60  0.60  0.60  0.60  0.60  0.60  0.60  0.60  0.60  0.60  0.60  0.60  0.60  0.60  0.60  0.60  0.60  0.60  0.60  0.60  0.60  0.60  0.60  0.60  0.60  0.60  0.60  0.66  0.79  0.80  0.73  0.64  0.61  0.60  0.60  0.60  0.61  0.61  0.60  0.60  0.60  0.60  0.60  0.60  0.60  0.60  0.60  0.60  0.60  0.60  0.60  0.60  0.60  0.60  0.60  0.60  0.60  0.60  0.60
  0.60  0.60  0.60  0.60  0.60  0.60  0.60  0.60  0.60  0.60  0.60  0.60  0.60  0.60  0.60  0.60  0.60  0.60  0.60  0.60  0.60  0.60  0.60  0.60  0.60  0.60  0.60  0.60  0.60  0.60  0.60  0.60  0.69  0.82  0.83  0.76  0.67  0.63  0.61  0.60  0.61  0.62  0.63  0.60  0.60  0.60  0.60  0.60  0.60  0.60  0.60  0.60  0.60  0.60  0.60  0.60  0.60  0.60  0.60  0.60  0.60  0.60  0.60  0.60
  0.60  0.60  0.60  0.60  0.60  0.60  0.60  0.60  0.60  0.60  0.60  0.60  0.60  0.60  0.60  0.60  0.60  0.60  0.60  0.60  0.60  0.60  0.60  0.60  0.60  0.60  0.60  0.60  0.60  0.60  0.60  0.60  0.73  0.85  0.85  0.79  0.71  0.65  0.63  0.62  0.62  0.64  0.64  0.60  0.60  0.60  0.60  0.60  0.60  0.60  0.60  0.60  0.60  0.60  0.60  0.60  0.60  0.60  0.60  0.60  0.60  0.60  0.60  0.60
  0.60  0.60  0.60  0.60  0.60  0.60  0.60  0.60  0.60  0.60  0.60  0.60  0.60  0.60  0.60  0.60  0.60  0.60  0.60  0.60  0.60  0.60  0.60  0.60  0.60  0.60  0.60  0.60  0.60  0.60  0.60  0.61  0.76  0.87  0.88  0.82  0.74  0.68  0.65  0.63  0.63  0.66  0.67  0.61  0.60  0.60  0.60  0.60  0.60  0.60  0.60  0.60  0.60  0.60  0.60  0.60  0.60  0.60  0.60  0.60  0.60  0.60  0.60  0.60
  0.60  0.60  0.60  0.60  0.60  0.60  0.60  0.60  0.60  0.60  0.60  0.60  0.60  0.60  0.60  0.60  0.60  0.60  0.60  0.60  0.60  0.60  0.60  0.60  0.60  0.60  0.60  0.60  0.60  0.60  0.60  0.63  0.80  0.90  0.90  0.85  0.78  0.71  0.68  0.66  0.66  0.69  0.70  0.62  0.60  0.60  0.60  0.60  0.60  0.60  0.60  0.60  0.60  0.60  0.60  0.60  0.60  0.60  0.60  0.60  0.60  0.60  0.60  0.60
  0.60  0.60  0.60  0.60  0.60  0.60  0.60  0.60  0.60  0.60  0.60  0.60  0.60  0.60  0.60  0.60  0.60  0.60  0.60  0.60  0.60  0.60  0.60  0.60  0.60  0.60  0.60  0.60  0.60  0.60  0.60  0.65  0.84  0.93  0.93  0.87  0.81  0.76  0.71  0.69  0.69  0.72  0.73  0.64  0.60  0.60  0.60  0.60  0.60  0.60  0.60  0.60  0.60  0.60  0.60  0.60  0.60  0.60  0.60  0.60  0.60  0.60  0.60  0.60
  0.60  0.60  0.60  0.60  0.60  0.60  0.60  0.60  0.60  0.60  0.60  0.60  0.60  0.60  0.60  0.60  0.60  0.60  0.60  0.60  0.60  0.60  0.60  0.60  0.60  0.60  0.60  0.60  0.60  0.60  0.60  0.68  0.87  0.96  0.95  0.90  0.85  0.80  0.76  0.73  0.73  0.76  0.75  0.66  0.60  0.60  0.60  0.60  0.60  0.60  0.60  0.60  0.60  0.60  0.60  0.60  0.60  0.60  0.60  0.60  0.60  0.60  0.60  0.60
  0.60  0.60  0.60  0.60  0.60  0.60  0.60  0.60  0.60  0.60  0.60  0.60  0.60  0.60  0.60  0.60  0.60  0.60  0.60  0.60  0.60  0.60  0.60  0.60  0.60  0.60  0.60  0.60  0.60  0.60  0.61  0.73  0.91  0.98  0.97  0.93  0.88  0.84  0.80  0.77  0.77  0.79  0.78  0.69  0.60  0.60  0.60  0.60  0.60  0.60  0.60  0.60  0.60  0.60  0.60  0.60  0.60  0.60  0.60  0.60  0.60  0.60  0.60  0.60
  0.60  0.60  0.60  0.60  0.60  0.60  0.60  0.60  0.60  0.60  0.60  0.60  0.60  0.60  0.60  0.60  0.60  0.60  0.60  0.60  0.60  0.61  0.61  0.60  0.60  0.60  0.60  0.60  0.60  0.60  0.63  0.78  0.95  1.01  1.00  0.96  0.92  0.88  0.85  0.82  0.81  0.82  0.81  0.72  0.61  0.60  0.60  0.60  0.60  0.60  0.60  0.60  0.60  0.60  0.60  0.60  0.60  0.60  0.60  0.60  0.60  0.60  0.60  0.60
  0.60  0.60  0.60  0.60  0.60  0.60  0.60  0.60  0.60  0.60  0.60  0.60  0.60  0.60  0.60  0.60  0.60  0.60  0.60  0.61  0.62  0.63  0.63  0.61  0.60  0.60  0.60  0.60  0.60  0.60  0.65  0.83  0.99  1.04  1.02  0.99  0.95  0.92  0.89  0.86  0.85  0.86  0.84  0.75  0.62  0.60  0.60  0.60  0.60  0.60  0.60  0.60  0.60  0.60  0.60  0.60  0.60  0.60  0.60  0.60  0.60  0.60  0.60  0.60
  0.60  0.60  0.60  0.60  0.60  0.60  0.60  0.60  0.60  0.60  0.60  0.60  0.61  0.61  0.62  0.61  0.61  0.61  0.62  0.63  0.66  0.67  0.66  0.65  0.61  0.60  0.60  0.60  0.60  0.61  0.69  0.89  1.02  1.07  1.05  1.01  0.98  0.96  0.94  0.90  0.89  0.89  0.87  0.78  0.63  0.60  0.60  0.60  0.60  0.60  0.60  0.60  0.60  0.60  0.60  0.60  0.60  0.60  0.60  0.60  0.60  0.60  0.60  0.60
  0.60  0.60  0.60  0.60  0.60  0.60  0.60  0.60  0.60  0.60  0.60  0.61  0.62  0.64  0.65  0.65  0.64  0.65  0.66  0.68  0.72  0.73  0.72  0.70  0.65  0.61  0.60  0.60  0.61  0.63  0.74  0.94  1.06  1.09  1.07  1.04  1.02  1.00  0.98  0.95  0.93  0.92  0.90  0.81  0.65  0.60  0.60  0.60  0.60  0.60  0.60  0.60  0.60  0.60  0.60  0.60  0.60  0.60  0.60  0.60  0.60  0.60  0.60  0.60
  0.60  0.60  0.60  0.60  0.60  0.60  0.60  0.60  0.60  0.60  0.61  0.63  0.66  0.70  0.71  0.70  0.70  0.70  0.72  0.75  0.80  0.81  0.80  0.77  0.70  0.65  0.62  0.61  0.62  0.67  0.81  0.99  1.10  1.12  1.10  1.07  1.05  1.04  1.02  0.99  0.96  0.95  0.93  0.84  0.68  0.60  0.60  0.60  0.60  0.60  0.60  0.60  0.60  0.60  0.60  0.60  0.60  0.60  0.60  0.60  0.60  0.60  0.60  0.60
  0.60  0.60  0.60  0.60  0.60  0.60  0.60  0.60  0.60  0.61  0.64  0.68  0.72  0.77  0.79  0.78  0.77  0.78  0.81  0.84  0.91  0.93  0.92  0.86  0.78  0.70  0.65  0.64  0.66  0.73  0.88  1.05  1.13  1.15  1.12  1.09  1.08  1.08  1.07  1.03  1.00  0.99  0.96  0.87  0.72  0.61  0.60  0.60  0.60  0.60  0.60  0.60  0.60  0.60  0.60  0.60  0.60  0.60  0.60  0.60  0.60  0.60  0.60  0.60
  0.60  0.60  0.60  0.60  0.60  0.60  0.60  0.60  0.61  0.64  0.69  0.75  0.81  0.87  0.89  0.88  0.87  0.89  0.93  0.97  1.04  1.07  1.06  0.98  0.88  0.78  0.70  0.69  0.70  0.79  0.96  1.10  1.17  1.17  1.14  1.12  1.11  1.11  1.11  1.07  1.04  1.02  0.99  0.90  0.76  0.63  0.60  0.60  0.60  0.60  0.61  0.61  0.61  0.60  0.60  0.60  0.60  0.60  0.60  0.60  0.60  0.60  0.60  0.60
  0.60  0.62  0.62  0.60  0.60  0.60  0.60  0.61  0.64  0.70  0.77  0.85  0.94  1.00  1.02  1.01  1.01  1.02  1.07  1.13  1.19  1.22  1.20  1.12  1.00  0.88  0.78  0.76  0.77  0.88  1.03  1.15  1.21  1.20  1.16  1.14  1.13  1.14  1.14  1.12  1.08  1.05  1.02  0.93  0.80  0.66  0.61  0.61  0.61  0.61  0.63  0.64  0.64  0.62  0.61  0.60  0.60  0.60  0.60  0.60  0.60  0.60  0.60  0.60
  0.61  0.64  0.64  0.61  0.60  0.60  0.61  0.64  0.70  0.78  0.88  0.99  1.10  1.16  1.17  1.17  1.16  1.18  1.23  1.29  1.34  1.36  1.34  1.26  1.14  1.00  0.88  0.85  0.87  0.97  1.11  1.21  1.24  1.22  1.18  1.15  1.15  1.16  1.17  1.15  1.12  1.09  1.04  0.96  0.84  0.69  0.63  0.63  0.63  0.65  0.66  0.69  0.69  0.67  0.62  0.60  0.60  0.60  0.60  0.60  0.60  0.60  0.60  0.60
  0.62  0.68  0.68  0.65  0.62  0.62  0.63  0.69  0.79  0.90  1.03  1.16  1.26  1.31  1.32  1.32  1.32  1.34  1.39  1.44  1.49  1.51  1.48  1.40  1.27  1.13  1.02  0.96  0.98  1.07  1.18  1.26  1.28  1.24  1.19  1.16  1.15  1.17  1.20  1.19  1.15  1.12  1.07  0.99  0.87  0.73  0.66  0.66  0.67  0.70  0.72  0.76  0.77  0.74  0.66  0.62  0.60  0.60  0.60  0.60  0.60  0.60  0.60  0.60
  0.65  0.74  0.74  0.70  0.66  0.65  0.68  0.77  0.91  1.06  1.21  1.33  1.41  1.46  1.47  1.47  1.48  1.50  1.54  1.59  1.64  1.65  1.61  1.53  1.41  1.27  1.15  1.09  1.09  1.16  1.25  1.31  1.31  1.26  1.20  1.15  1.15  1.18  1.21  1.22  1.19  1.15  1.10  1.02  0.91  0.79  0.70  0.70  0.73  0.78  0.81  0.86  0.87  0.84  0.73  0.66  0.61  0.60  0.60  0.60  0.60  0.60  0.60  0.60
  0.70  0.82  0.83  0.77  0.72  0.72  0.76  0.89  1.07  1.25  1.39  1.50  1.57  1.61  1.62  1.62  1.63  1.66  1.70  1.75  1.78  1.79  1.75  1.66  1.54  1.40  1.28  1.21  1.21  1.26  1.32  1.36  1.33  1.27  1.19  1.13  1.12  1.17  1.22  1.24  1.22  1.18  1.13  1.05  0.95  0.84  0.76  0.76  0.80  0.87  0.93  0.99  1.01  0.97  0.83  0.74  0.65  0.61  0.60  0.60  0.60  0.60  0.60  0.61
  0.76  0.91  0.93  0.86  0.80  0.80  0.87  1.05  1.27  1.44  1.57  1.66  1.72  1.75  1.76  1.77  1.78  1.81  1.85  1.89  1.92  1.92  1.88  1.79  1.67  1.54  1.41  1.34  1.32  1.35  1.39  1.40  1.35  1.26  1.17  1.09  1.09  1.15  1.21  1.26  1.25  1.21  1.16  1.08  0.99  0.89  0.84  0.84  0.90  0.99  1.08  1.15  1.18  1.13  0.98  0.84  0.71  0.64  0.61  0.60  0.60  0.60  0.60  0.64
  0.85  1.00  1.03  0.96  0.90  0.92  1.03  1.25  1.46  1.62  1.73  1.81  1.86  1.89  1.90  1.91  1.93  1.96  1.99  2.03  2.05  2.05  2.00  1.92  1.80  1.66  1.54  1.46  1.42  1.43  1.45  1.44  1.36  1.25  1.12  1.03  1.03  1.11  1.20  1.26  1.27  1.24  1.18  1.11  1.02  0.94  0.91  0.93  1.01  1.12  1.23  1.31  1.35  1.30  1.17  0.97  0.80  0.69  0.64  0.62  0.61  0.61  0.62  0.69
  0.95  1.10  1.13  1.08  1.03  1.06  1.22  1.44  1.65  1.79  1.88  1.95  1.99  2.02  2.04  2.05  2.07  2.10  2.13  2.16  2.17  2.16  2.11  2.03  1.91  1.78  1.66  1.57  1.53  1.52  1.51  1.46  1.36  1.21  1.05  0.94  0.97  1.07  1.18  1.25  1.29  1.26  1.21  1.14  1.06  0.99  0.98  1.02  1.12  1.25  1.37  1.47  1.51  1.48  1.35  1.15  0.93  0.77  0.70  0.66  0.63  0.63  0.65  0.76
  1.05  1.19  1.23  1.20  1.18  1.24  1.40  1.63  1.82  1.94  2.02  2.07  2.11  2.14  2.15  2.17  2.19  2.22  2.25  2.27  2.28  2.26  2.21  2.13  2.02  1.89  1.77  1.68  1.62  1.59  1.56  1.48  1.33  1.14  0.95  0.84  0.89  1.03  1.15  1.23  1.29  1.28  1.23  1.17  1.09  1.04  1.04  1.11  1.23  1.38  1.52  1.63  1.68  1.66  1.54  1.34  1.10  0.90  0.79  0.73  0.68  0.67  0.70  0.84
  1.15  1.29  1.34  1.32  1.32  1.40  1.58  1.80  1.96  2.06  2.12  2.17  2.20  2.23  2.25  2.27  2.30  2.32  2.35  2.36  2.35  2.33  2.27  2.20  2.10  1.99  1.87  1.77  1.70  1.65  1.59  1.47  1.28  1.04  0.82  0.72  0.80  0.98  1.11  1.20  1.28  1.29  1.25  1.19  1.13  1.09  1.10  1.19  1.33  1.50  1.66  1.78  1.84  1.83  1.73  1.54  1.31  1.08  0.92  0.83  0.75  0.74  0.78  0.94
  1.25  1.38  1.44  1.44  1.47  1.57  1.76  1.95  2.08  2.15  2.19  2.23  2.26  2.30  2.33  2.35  2.38  2.40  2.41  2.41  2.40  2.36  2.31  2.24  2.16  2.06  1.95  1.85  1.77  1.69  1.59  1.43  1.18  0.91  0.67  0.60  0.71  0.93  1.07  1.16  1.25  1.29  1.26  1.21  1.15  1.13  1.16  1.26  1.42  1.61  1.79  1.93  2.01  2.00  1.91  1.74  1.52  1.29  1.09  0.97  0.87  0.84  0.90  1.06
  1.35  1.47  1.54  1.56  1.61  1.73  1.91  2.08  2.16  2.19  2.21  2.24  2.28  2.32  2.36  2.39  2.42  2.44  2.44  2.43  2.39  2.35  2.29  2.24  2.17  2.09  2.00  1.90  1.81  1.71  1.57  1.35  1.06  0.74  0.60  0.60  0.62  0.87  1.03  1.11  1.20  1.27  1.27  1.22  1.17  1.16  1.20  1.31  1.49  1.70  1.91  2.07  2.16  2.17  2.09  1.93  1.73  1.51  1.31  1.14  1.02  0.98  1.04  1.18
  1.44  1.57  1.64  1.68  1.75  1.88  2.05  2.16  2.20  2.19  2.19  2.20  2.24  2.30  2.35  2.39  2.42  2.43  2.42  2.39  2.34  2.28  2.22  2.18  2.14  2.08  2.01  1.92  1.82  1.69  1.51  1.24  0.89  0.60  0.60  0.60  0.60  0.82  0.99  1.06  1.14  1.23  1.26  1.22  1.18  1.17  1.22  1.34  1.53  1.77  2.01  2.20  2.31  2.33  2.27  2.12  1.93  1.72  1.52  1.35  1.21  1.15  1.18  1.30
  1.54  1.66  1.74  1.80  1.88  2.02  2.15  2.21  2.19  2.15  2.11  2.11  2.15  2.22  2.29  2.34  2.38  2.38  2.36  2.31  2.24  2.16  2.10  2.07  2.06  2.03  1.98  1.90  1.79  1.64  1.41  1.09  0.70  0.60  0.60  0.60  0.60  0.76  0.95  1.01  1.07  1.17  1.23  1.21  1.18  1.17  1.22  1.35  1.55  1.81  2.09  2.31  2.45  2.49  2.44  2.31  2.13  1.92  1.72  1.54  1.39  1.31  1.32  1.41
  1.64  1.75  1.83  1.91  2.00  2.13  2.22  2.21  2.15  2.07  2.00  1.97  2.01  2.09  2.18  2.25  2.29  2.29  2.26  2.19  2.08  1.99  1.92  1.91  1.92  1.93  1.91  1.84  1.72  1.55  1.28  0.95  0.57  0.62  0.60  0.60  0.60  0.71  0.91  0.95  0.99  1.09  1.18  1.18  1.16  1.15  1.19  1.32  1.53  1.81  2.13  2.39  2.56  2.63  2.60  2.48  2.31  2.11  1.91  1.73  1.57  1.47  1.45  1.52
  1.73  1.84  1.93  2.01  2.11  2.22  2.24  2.17  2.07  1.96  1.85  1.80  1.82  1.91  2.02  2.11  2.16  2.17  2.12  2.03  1.90  1.78  1.71  1.70  1.75  1.79  1.80  1.74  1.63  1.43  1.12  0.83  0.51  0.63  0.60  0.60  0.60  0.67  0.87  0.89  0.90  0.99  1.10  1.12  1.11  1.09  1.14  1.26  1.47  1.77  2.12  2.43  2.65  2.75  2.74  2.64  2.48  2.29  2.08  1.89  1.72  1.61  1.58  1.63
  1.82  1.92  2.01  2.10  2.20  2.26  2.21  2.10  1.97  1.83  1.68  1.60  1.61  1.70  1.82  1.94  2.01  2.02  1.96  1.84  1.68  1.53  1.46  1.47  1.54  1.62  1.66  1.62  1.50  1.28  0.96  0.74  0.51  0.62  0.60  0.60  0.60  0.64  0.83  0.84  0.81  0.88  0.99  1.04  1.02  1.01  1.05  1.17  1.37  1.67  2.05  2.42  2.69  2.83  2.85  2.77  2.62  2.43  2.22  2.02  1.85  1.74  1.70  1.73
  1.90  1.99  2.09  2.18  2.25  2.25  2.13  1.99  1.86  1.69  1.50  1.38  1.37  1.46  1.61  1.74  1.83  1.85  1.78  1.64  1.44  1.27  1.22  1.20  1.31  1.43  1.50  1.48  1.35  1.11  0.84  0.67  0.54  0.62  0.60  0.60  0.60  0.62  0.78  0.78  0.73  0.78  0.89  0.92  0.91  0.92  0.93  1.05  1.25  1.54  1.92  2.34  2.68  2.87  2.93  2.87  2.72  2.53  2.32  2.11  1.95  1.84  1.80  1.82
  1.96  2.06  2.15  2.23  2.26  2.18  2.01  1.87  1.74  1.54  1.31  1.14  1.15  1.21  1.37  1.53  1.64  1.67  1.60  1.42  1.20  1.05  1.02  0.99  1.10  1.21  1.32  1.32  1.19  0.96  0.74  0.62  0.58  0.61  0.60  0.60  0.60  0.61  0.74  0.72  0.68  0.71  0.80  0.82  0.81  0.83  0.83  0.92  1.10  1.37  1.74  2.19  2.59  2.85  2.94  2.91  2.77  2.58  2.36  2.16  2.00  1.91  1.87  1.89
  2.01  2.10  2.19  2.24  2.21  2.05  1.87  1.74  1.61  1.38  1.11  0.95  0.96  0.99  1.12  1.31  1.45  1.49  1.40  1.20  0.99  0.88  0.85  0.83  0.93  1.03  1.13  1.15  1.03  0.83  0.67  0.60  0.60  0.60  0.60  0.60  0.60  0.60  0.70  0.67  0.64  0.66  0.72  0.74  0.73  0.74  0.75  0.80  0.96  1.17  1.51  1.96  2.42  2.74  2.88  2.87  2.75  2.55  2.33  2.14  1.99  1.92  1.91  1.94
  2.03  2.12  2.19  2.20  2.09  1.87  1.70  1.60  1.47  1.22  0.94  0.81  0.82  0.84  0.92  1.08  1.24  1.29  1.20  1.01  0.84  0.75  0.72  0.72  0.79  0.88  0.97  0.98  0.88  0.74  0.62  0.60  0.60  0.60  0.60  0.60  0.60  0.60  0.66  0.64  0.62  0.63  0.66  0.68  0.68  0.67  0.68  0.72  0.84  0.99  1.25  1.68  2.16  2.54  2.74  2.76  2.64  2.45  2.24  2.05  1.92  1.87  1.89  1.95
  2.00  2.09  2.14  2.09  1.91  1.66  1.51  1.46  1.33  1.06  0.81  0.71  0.70  0.73  0.78  0.90  1.04  1.10  1.02  0.86  0.73  0.67  0.64  0.65  0.69  0.76  0.84  0.84  0.77  0.67  0.60  0.60  0.60  0.60  0.60  0.60  0.60  0.60  0.64  0.62  0.60  0.61  0.62  0.64  0.63  0.62  0.64  0.66  0.75  0.85  1.03  1.40  1.83  2.24  2.49  2.55  2.45  2.28  2.09  1.92  1.80  1.76  1.81  1.90
  1.91  2.00  2.02  1.91  1.65  1.41  1.32  1.31  1.20  0.92  0.72  0.65  0.63  0.65  0.69  0.77  0.87  0.93  0.88  0.75  0.66  0.62  0.60  0.61  0.63  0.68  0.74  0.74  0.70  0.62  0.60  0.60  0.60  0.60  0.60  0.60  0.60  0.60  0.62  0.61  0.60  0.60  0.60  0.61  0.61  0.60  0.61  0.63  0.67  0.75  0.86  1.15  1.50  1.87  2.15  2.25  2.19  2.04  1.88  1.73  1.62  1.58  1.65  1.78
  1.74  1.84  1.82  1.64  1.35  1.18  1.12  1.16  1.06  0.80  0.65  0.61  0.60  0.61  0.63  0.68  0.76  0.81  0.76  0.67  0.62  0.60  0.60  0.60  0.60  0.62  0.66  0.67  0.64  0.60  0.60  0.60  0.60  0.60  0.60  0.60  0.60  0.60  0.61  0.60  0.60  0.60  0.60  0.60  0.60  0.60  0.60  0.61  0.62  0.67  0.74  0.94  1.22  1.52  1.74  1.87  1.85  1.76  1.64  1.51  1.40  1.35  1.42  1.58
  1.49  1.59  1.53  1.37  1.09  0.99  0.95  1.01  0.92  0.72  0.61  0.60  0.60  0.60  0.61  0.63  0.68  0.72  0.68  0.62  0.60  0.60  0.60  0.60  0.60  0.60  0.62  0.63  0.61  0.60  0.60  0.60  0.60  0.60  0.60  0.60  0.60  0.60  0.60  0.60  0.60  0.60  0.60  0.60  0.60  0.60  0.60  0.60  0.60  0.62  0.66  0.77  0.98  1.21  1.38  1.52  1.47  1.43  1.37  1.27  1.15  1.13  1.20  1.36
  1.24  1.33  1.26  1.13  0.90  0.83  0.82  0.88  0.80  0.66  0.60  0.60  0.60  0.60  0.60  0.61  0.63  0.65  0.62  0.60  0.60  0.60  0.60  0.60  0.60  0.60  0.60  0.61  0.60  0.60  0.60  0.60  0.60  0.60  0.60  0.60  0.60  0.60  0.60  0.60  0.60  0.60  0.60  0.60  0.60  0.60  0.60  0.60  0.60  0.60  0.62  0.65  0.79  0.97  1.09  1.22  1.15  1.16  1.13  1.06  0.95  0.95  1.00  1.14
  1.03  1.10  1.03  0.93  0.76  0.71  0.72  0.78  0.72  0.62  0.60  0.60  0.60  0.60  0.60  0.60  0.61  0.62  0.60  0.60  0.60  0.60  0.60  0.60  0.60  0.60  0.60  0.60  0.60  0.60  0.60  0.60  0.60  0.60  0.60  0.60  0.60  0.60  0.60  0.60  0.60  0.60  0.60  0.60  0.60  0.60  0.60  0.60  0.60  0.60  0.60  0.60  0.66  0.78  0.88  0.97  0.92  0.94  0.94  0.89  0.80  0.81  0.84  0.94
  0.86  0.91  0.85  0.76  0.67  0.64  0.66  0.70  0.66  0.60  0.60  0.60  0.60  0.60  0.60  0.60  0.60  0.60  0.60  0.60  0.60  0.60  0.60  0.60  0.60  0.60  0.60  0.60  0.60  0.60  0.60  0.60  0.60  0.60  0.60  0.60  0.60  0.60  0.60  0.60  0.60  0.60  0.60  0.60  0.60  0.60  0.60  0.60  0.60  0.60  0.60  0.60  0.60  0.66  0.73  0.78  0.77  0.79  0.79  0.77  0.70  0.70  0.72  0.78
  0.73  0.75  0.72  0.65  0.62  0.60  0.62  0.65  0.63  0.60  0.60  0.60  0.60  0.60  0.60  0.60  0.60  0.60  0.60  0.60  0.60  0.60  0.60  0.60  0.60  0.60  0.60  0.60  0.60  0.60  0.60  0.60  0.60  0.60  0.60  0.60  0.60  0.60  0.60  0.60  0.60  0.60  0.60  0.60  0.60  0.60  0.60  0.60  0.60  0.60  0.60  0.60  0.60  0.60  0.64  0.66  0.67  0.69  0.69  0.68  0.64  0.63  0.64  0.66
  0.64  0.65  0.64  0.60  0.60  0.60  0.60  0.61  0.61  0.60  0.60  0.60  0.60  0.60  0.60  0.60  0.60  0.60  0.60  0.60  0.60  0.60  0.60  0.60  0.60  0.60  0.60  0.60  0.60  0.60  0.60  0.60  0.60  0.60  0.60  0.60  0.60  0.60  0.60  0.60  0.60  0.60  0.60  0.60  0.60  0.60  0.60  0.60  0.60  0.60  0.60  0.60  0.60  0.60  0.60  0.60  0.62  0.62  0.63  0.62  0.61  0.60  0.60  0.60
  0.60  0.60  0.60  0.60  0.60  0.60  0.60  0.60  0.60  0.60  0.60  0.60  0.60  0.60  0.60  0.60  0.60  0.60  0.60  0.60  0.60  0.60  0.60  0.60  0.60  0.60  0.60  0.60  0.60  0.60  0.60  0.60  0.60  0.60  0.60  0.60  0.60  0.60  0.60  0.60  0.60  0.60  0.60  0.60  0.60  0.60  0.60  0.60  0.60  0.60  0.60  0.60  0.60  0.60  0.60  0.60  0.60  0.60  0.60  0.60  0.60  0.60  0.60  0.60
  0.60  0.60  0.60  0.60  0.60  0.60  0.60  0.60  0.60  0.60  0.60  0.60  0.60  0.60  0.60  0.60  0.60  0.60  0.60  0.60  0.60  0.60  0.60  0.60  0.60  0.60  0.60  0.60  0.60  0.60  0.60  0.60  0.60  0.60  0.60  0.60  0.60  0.60  0.60  0.60  0.60  0.60  0.60  0.60  0.60  0.60  0.60  0.60  0.60  0.60  0.60  0.60  0.60  0.60  0.60  0.60  0.60  0.60  0.60  0.60  0.60  0.60  0.60  0.60
  0.60  0.60  0.60  0.60  0.60  0.60  0.60  0.60  0.60  0.60  0.60  0.60  0.60  0.60  0.60  0.60  0.60  0.60  0.60  0.60  0.60  0.60  0.60  0.60  0.60  0.60  0.60  0.60  0.60  0.60  0.60  0.60  0.60  0.60  0.60  0.60  0.60  0.60  0.60  0.60  0.60  0.60  0.60  0.60  0.60  0.60  0.60  0.60  0.60  0.60  0.60  0.60  0.60  0.60  0.60  0.60  0.60  0.60  0.60  0.60  0.60  0.60  0.60  0.60
  0.60  0.60  0.60  0.60  0.60  0.60  0.60  0.60  0.60  0.60  0.60  0.60  0.60  0.60  0.60  0.60  0.60  0.60  0.60  0.60  0.60  0.60  0.60  0.60  0.60  0.60  0.60  0.60  0.60  0.60  0.60  0.60  0.60  0.60  0.60  0.60  0.60  0.60  0.60  0.60  0.60  0.60  0.60  0.60  0.60  0.60  0.60  0.60  0.60  0.60  0.60  0.60  0.60  0.60  0.60  0.60  0.60  0.60  0.60  0.60  0.60  0.60  0.60  0.60
  0.60  0.60  0.60  0.60  0.60  0.60  0.60  0.60  0.60  0.60  0.60  0.60  0.60  0.60  0.60  0.60  0.60  0.60  0.60  0.60  0.60  0.60  0.60  0.60  0.60  0.60  0.60  0.60  0.60  0.60  0.60  0.60  0.60  0.60  0.60  0.60  0.60  0.60  0.60  0.60  0.60  0.60  0.60  0.60  0.60  0.60  0.60  0.60  0.60  0.60  0.60  0.60  0.60  0.60  0.60  0.60  0.60  0.60  0.60  0.60  0.60  0.60  0.60  0.60
  0.60  0.60  0.60  0.60  0.60  0.60  0.60  0.60  0.60  0.60  0.60  0.60  0.60  0.60  0.60  0.60  0.60  0.60  0.60  0.60  0.60  0.60  0.60  0.60  0.60  0.60  0.60  0.60  0.60  0.60  0.60  0.60  0.60  0.60  0.60  0.60  0.60  0.60  0.60  0.60  0.60  0.60  0.60  0.60  0.60  0.60  0.60  0.60  0.60  0.60  0.60  0.60  0.60  0.60  0.60  0.60  0.60  0.60  0.60  0.60  0.60  0.60  0.60  0.60
  0.60  0.60  0.60  0.60  0.60  0.60  0.60  0.60  0.60  0.60  0.60  0.60  0.60  0.60  0.60  0.60  0.60  0.60  0.60  0.60  0.60  0.60  0.60  0.60  0.60  0.60  0.60  0.60  0.60  0.60  0.60  0.75  0.85  0.75  0.60  0.60  0.60  0.60  0.60  0.60  0.60  0.60  0.60  0.60  0.60  0.60  0.60  0.60  0.60  0.60  0.60  0.60  0.60  0.60  0.60  0.60  0.60  0.60  0.60  0.60  0.60  0.60  0.60  0.60
  0.60  0.60  0.60  0.60  0.60  0.60  0.60  0.60  0.60  0.60  0.60  0.60  0.60  0.60  0.60  0.60  0.60  0.60  0.60  0.60  0.60  0.60  0.60  0.60  0.60  0.60  0.60  0.60  0.60  0.60  0.86  1.11  1.18  1.11  0.86  0.60  0.60  0.60  0.60  0.60  0.60  0.60  0.60  0.60  0.60  0.60  0.60  0.60  0.60  0.60  0.60  0.60  0.60  0.60  0.60  0.60  0.60  0.60  0.60  0.60  0.60  0.60  0.60  0.60
  0.60  0.60  0.60  0.60  0.60  0.60  0.60  0.60  0.60  0.60  0.60  0.60  0.60  0.60  0.60  0.60  0.60  0.60  0.60  0.60  0.60  0.60  0.60  0.60  0.60  0.60  0.60  0.60  0.60  0.77  1.19  1.38  1.44  1.38  1.19  0.77  0.60  0.60  0.60  0.60  0.60  0.60  0.60  0.60  0.60  0.60  0.60  0.60  0.60  0.60  0.60  0.60  0.60  0.60  0.60  0.60  0.60  0.60  0.60  0.60  0.60  0.60  0.60  0.60
  0.60  0.60  0.60  0.60  0.60  0.60  0.60  0.60  0.60  0.60  0.60  0.60  0.60  0.60  0.60  0.60  0.60  0.60  0.60  0.60  0.60  0.60  0.60  0.60  0.60  0.60  0.60  0.60  0.60  1.12  1.44  1.60  1.66  1.60  1.44  1.12  0.60  0.60  0.60  0.60  0.60  0.60  0.60  0.60  0.60  0.60  0.60  0.60  0.60  0.60  0.60  0.60  0.60  0.60  0.60  0.60  0.60  0.60  0.60  0.60  0.60  0.60  0.60  0.60
  0.60  0.60  0.60  0.60  0.60  0.60  0.60  0.60  0.60  0.60  0.60  0.60  0.60  0.60  0.60  0.60  0.60  0.60  0.60  0.60  0.60  0.60  0.60  0.60  0.60  0.60  0.60  0.60  0.85  1.38  1.66  1.80  1.85  1.80  1.66  1.38  0.86  0.60  0.60  0.60  0.60  0.60  0.60  0.60  0.60  0.60  0.60  0.60  0.60  0.60  0.60  0.60  0.60  0.60  0.60  0.60  0.60  0.60  0.60  0.60  0.60  0.60  0.60  0.60
  0.60  0.60  0.60  0.60  0.60  0.60  0.60  0.60  0.60  0.60  0.60  0.60  0.60  0.60  0.60  0.60  0.60  0.60  0.60  0.60  0.60  0.60  0.60  0.60  0.60  0.60  0.60  0.60  1.17  1.60  1.85  1.98  2.02  1.98  1.85  1.60  1.17  0.60  0.60  0.60  0.60  0.60  0.60  0.60  0.60  0.60  0.60  0.60  0.60  0.60  0.60  0.60  0.60  0.60  0.60  0.60  0.60  0.60  0.60  0.60  0.60  0.60  0.60  0.60
  0.60  0.60  0.60  0.60  0.60  0.60  0.60  0.60  0.60  0.60  0.60  0.60  0.60  0.60  0.60  0.60  0.60  0.60  0.60  0.60  0.60  0.60  0.60  0.60  0.60  0.60  0.60  0.69  1.42  1.79  2.02  2.14  2.18  2.14  2.02  1.79  1.42  0.69  0.60  0.60  0.60  0.60  0.60  0.60  0.60  0.60  0.60  0.60  0.60  0.60  0.60  0.60  0.60  0.60  0.60  0.60  0.60  0.60  0.60  0.60  0.60  0.60  0.60  0.60
  0.60  0.60  0.60  0.60  0.60  0.60  0.60  0.60  0.60  0.60  0.60  0.60  0.60  0.60  0.60  0.60  0.60  0.60  0.60  0.60  0.60  0.60  0.60  0.60  0.60  0.60  0.60  1.05  1.63  1.96  2.18  2.29  2.33  2.29  2.18  1.96  1.63  1.05  0.60  0.60  0.60  0.60  0.60  0.60  0.60  0.60  0.60  0.60  0.60  0.60  0.60  0.60  0.60  0.60  0.60  0.60  0.60  0.60  0.60  0.60  0.60  0.60  0.60  0.60
  0.60  0.60  0.60  0.60  0.60  0.60  0.60  0.60  0.60  0.60  0.60  0.60  0.60  0.60  0.60  0.60  0.60  0.60  0.60  0.60  0.60  0.60  0.60  0.60  0.60  0.60  0.60  1.31  1.81  2.12  2.32  2.44  2.47  2.44  2.32  2.12  1.81  1.31  0.60  0.60  0.60  0.60  0.60  0.60  0.60  0.60  0.60  0.60  0.60  0.60  0.60  0.60  0.60  0.60  0.60  0.60  0.60  0.60  0.60  0.60  0.60  0.60  0.60  0.60
  0.60  0.60  0.60  0.60  0.60  0.60  0.60  0.60  0.60  0.60  0.60  0.60  0.60  0.60  0.60  0.60  0.60  0.60  0.60  0.60  0.60  0.60  0.60  0.60  0.60  0.60  0.65  1.53  1.98  2.27  2.46  2.57  2.61  2.57  2.46  2.27  1.98  1.53  0.65  0.60  0.60  0.60  0.60  0.60  0.60  0.60  0.60  0.60  0.60  0.60  0.60  0.60  0.60  0.60  0.60  0.60  0.60  0.60  0.60  0.60  0.60  0.60  0.60  0.60
  0.60  0.60  0.60  0.60  0.60  0.60  0.60  0.60  0.60  0.60  0.60  0.60  0.60  0.60  0.60  0.60  0.60  0.60  0.60  0.60  0.60  0.60  0.60  0.60  0.60  0.60  1.01  1.72  2.13  2.41  2.59  2.70  2.73  2.70  2.59  2.41  2.13  1.72  1.01  0.60  0.60  0.60  0.60  0.60  0.60  0.60  0.60  0.60  0.60  0.60  0.60  0.60  0.60  0.60  0.60  0.60  0.60  0.60  0.60  0.60  0.60  0.60  0.60  0.60
  0.60  0.60  0.60  0.60  0.60  0.60  0.60  0.60  0.60  0.60  0.60  0.60  0.60  0.60  0.60  0.60  0.60  0.60  0.60  0.60  0.60  0.60  0.60  0.60  0.60  0.60  1.27  1.89  2.28  2.54  2.72  2.82  2.85  2.82  2.72  2.54  2.28  1.89  1.27  0.60  0.60  0.60  0.60  0.60  0.60  0.60  0.60  0.60  0.60  0.60  0.60  0.60  0.60  0.60  0.60  0.60  0.60  0.60  0.60  0.60  0.60  0.60  0.60  0.60
  0.60  0.60  0.60  0.60  0.60  0.60  0.60  0.60  0.60  0.60  0.60  0.60  0.60  0.60  0.60  0.60  0.60  0.60  0.60  0.60  0.60  0.60  0.60  0.60  0.60  0.60  1.48  2.04  2.41  2.67  2.84  2.94  2.97  2.94  2.84  2.67  2.41  2.04  1.48  0.60  0.60  0.60  0.60  0.60  0.60  0.60  0.60  0.60  0.60  0.60  0.60  0.60  0.60  0.60  0.60  0.60  0.60  0.60  0.60  0.60  0.60  0.60  0.60  0.60
  0.60  0.60  0.60  0.60  0.60  0.60  0.60  0.60  0.60  0.60  0.60  0.60  0.60  0.60  0.60  0.60  0.60  0.60  0.60  0.60  0.60  0.60  0.60  0.60  0.60  0.68  1.67  2.19  2.54  2.79  2.95  3.05  3.08  3.05  2.95  2.79  2.54  2.19  1.67  0.68  0.60  0.60  0.60  0.60  0.60  0.60  0.60  0.60  0.60  0.60  0.60  0.60  0.60  0.60  0.60  0.60  0.60  0.60  0.60  0.60  0.60  0.60  0.60  0.60
  0.60  0.60  0.60  0.60  0.60  0.60  0.60  0.60  0.60  0.60  0.60  0.60  0.60  0.60  0.60  0.60  0.60  0.60  0.60  0.60  0.60  0.60  0.60  0.60  0.60  1.01  1.84  2.32  2.66  2.90  3.06  3.16  3.19  3.16  3.06  2.90  2.66  2.32  1.84  1.01  0.60  0.60  0.60  0.60  0.60  0.60  0.60  0.60  0.60  0.60  0.60  0.60  0.60  0.60  0.60  0.60  0.60  0.60  0.60  0.60  0.60  0.60  0.60  0.60
  0.60  0.60  0.60  0.60  0.60  0.60  0.60  0.60  0.60  0.60  0.60  0.60  0.60  0.60  0.60  0.60  0.60  0.60  0.60  0.60  0.60  0.60  0.60  0.60  0.60  1.26  1.99  2.45  2.78  3.01  3.17  3.26  3.29  3.26  3.17  3.01  2.78  2.45  1.99  1.26  0.60  0.60  0.60  0.60  0.60  0.60  0.60  0.60  0.60  0.60  0.60  0.60  0.60  0.60  0.60  0.60  0.60  0.60  0.60  0.60  0.60  0.60  0.60  0.60
  0.60  0.60  0.60  0.60  0.60  0.60  0.60  0.60  0.60  0.60  0.60  0.60  0.60  0.60  0.60  0.60  0.60  0.60  0.60  0.60  0.60  0.60  0.60  0.60  0.60  1.47  2.13  2.58  2.89  3.12  3.27  3.36  3.39  3.36  3.27  3.12  2.89  2.58  2.13  1.47  0.60  0.60  0.60  0.60  0.60  0.60  0.60  0.60  0.60  0.60  0.60  0.60  0.60  0.60  0.60  0.60  0.60  0.60  0.60  0.60  0.60  0.60  0.60  0.60
  0.60  0.60  0.60  0.60  0.60  0.60  0.60  0.60  0.60  0.60  0.60  0.60  0.60  0.60  0.60  0.60  0.60  0.60  0.60  0.60  0.60  0.60  0.60  0.60  0.60  1.65  2.27  2.69  3.00  3.22  3.37  3.46  3.49  3.46  3.37  3.22  3.00  2.69  2.27  1.65  0.60  0.60  0.60  0.60  0.60  0.60  0.60  0.60  0.60  0.60  0.60  0.60  0.60  0.60  0.60  0.60  0.60  0.60  0.60  0.60  0.60  0.60  0.60  0.60
  0.60  0.60  0.60  0.60  0.60  0.60  0.60  0.60  0.60  0.60  0.60  0.60  0.60  0.60  0.60  0.60  0.60  0.60  0.60  0.60  0.60  0.60  0.60  0.60  0.71  1.81  2.40  2.80  3.10  3.32  3.47  3.55  3.58  3.55  3.47  3.32  3.10  2.80  2.40  1.81  0.71  0.60  0.60  0.60  0.60  0.60  0.60  0.60  0.60  0.60  0.60  0.60  0.60  0.60  0.60  0.60  0.60  0.60  0.60  0.60  0.60  0.60  0.60  0.60
  0.60  0.60  0.60  0.60  0.60  0.60  0.60  0.60  0.60  0.60  0.60  0.60  0.60  0.60  0.60  0.60  0.60  0.60  0.60  0.60  0.60  0.60  0.60  0.60  1.02  1.96  2.52  2.91  3.20  3.41  3.56  3.65  3.67  3.65  3.56  3.41  3.20  2.91  2.52  1.96  1.02  0.60  0.60  0.60  0.60  0.60  0.60  0.60  0.60  0.60  0.60  0.60  0.60  0.60  0.60  0.60  0.60  0.60  0.60  0.60  0.60  0.60  0.60  0.60
  0.60  0.60  0.60  0.60  0.60  0.60  0.60  0.60  0.60  0.60  0.60  0.60  0.60  0.60  0.60  0.60  0.60  0.60  0.60  0.60  0.60  0.60  0.60  0.60  1.25  2.10  2.63  3.01  3.30  3.51  3.65  3.74  3.76  3.74  3.65  3.51  3.30  3.01  2.63  2.10  1.25  0.60  0.60  0.60  0.60  0.60  0.60  0.60  0.60  0.60  0.60  0.60  0.60  0.60  0.60  0.60  0.60  0.60  0.60  0.60  0.60  0.60  0.60  0.60
  0.60  0.60  0.60  0.60  0.60  0.60  0.60  0.60  0.60  0.60  0.60  0.60  0.60  0.60  0.60  0.60  0.60  0.60  0.60  0.60  0.60  0.60  0.60  0.60  1.45  2.23  2.74  3.11  3.39  3.60  3.74  3.82  3.85  3.82  3.74  3.60  3.39  3.11  2.74  2.23  1.45  0.60  0.60  0.60  0.60  0.60  0.60  0.60  0.60  0.60  0.60  0.60  0.60  0.60  0.60  0.60  0.60  0.60  0.60  0.60  0.60  0.60  0.60  0.60
  0.60  0.60  0.60  0.60  0.60  0.60  0.60  0.60  0.60  0.60  0.60  0.60  0.60  0.60  0.60  0.60  0.60  0.60  0.60  0.60  0.60  0.60  0.60  0.60  1.62  2.35  2.84  3.21  3.48  3.69  3.83  3.91  3.94  3.91  3.83  3.69  3.48  3.21  2.84  2.35  1.62  0.60  0.60  0.60  0.60  0.60  0.60  0.60  0.60  0.60  0.60  0.60  0.60  0.60  0.60  0.60  0.60  0.60  0.60  0.60  0.60  0.60  0.60  0.60
  0.60  0.60  0.60  0.60  0.60  0.60  0.60  0.60  0.60  0.60  0.60  0.60  0.60  0.60  0.60  0.60  0.60  0.60  0.60  0.60  0.60  0.60  0.60  0.60  1.78  2.47  2.95  3.30  3.57  3.77  3.91  3.99  4.02  3.99  3.91  3.77  3.57  3.30  2.95  2.47  1.78  0.60  0.60  0.60  0.60  0.60  0.60  0.60  0.60  0.60  0.60  0.60  0.60  0.60  0.60  0.60  0.60  0.60  0.60  0.60  0.60  0.60  0.60  0.60
  0.60  0.60  0.60  0.60  0.60  0.60  0.60  0.60  0.60  0.60  0.60  0.60  0.60  0.60  0.60  0.60  0.60  0.60  0.60  0.60  0.60  0.60  0.60  0.66  1.92  2.58  3.04  3.39  3.66  3.86  3.99  4.07  4.10  4.07  3.99  3.86  3.66  3.39  3.04  2.58  1.92  0.66  0.60  0.60  0.60  0.60  0.60  0.60  0.60  0.60  0.60  0.60  0.60  0.60  0.60  0.60  0.60  0.60  0.60  0.60  0.60  0.60  0.60  0.60
  0.60  0.60  0.60  0.60  0.60  0.60  0.60  0.60  0.60  0.60  0.60  0.60  0.60  0.60  0.60  0.60  0.60  0.60  0.60  0.60  0.60  0.60  0.60  0.97  2.06  2.68  3.14  3.48  3.75  3.94  4.07  4.15  4.18  4.15  4.07  3.94  3.75  3.48  3.14  2.68  2.06  0.97  0.60  0.60  0.60  0.60  0.60  0.60  0.60  0.60  0.60  0.60  0.60  0.60  0.60  0.60  0.60  0.60  0.60  0.60  0.60  0.60  0.60  0.60
  0.60  0.60  0.60  0.60  0.60  0.60  0.60  0.60  0.60  0.60  0.60  0.60  0.60  0.60  0.60  0.60  0.60  0.60  0.60  0.60  0.60  0.60  0.60  1.20  2.18  2.79  3.23  3.57  3.83  4.02  4.15  4.23  4.26  4.23  4.15  4.02  3.83  3.57  3.23  2.79  2.18  1.20  0.60  0.60  0.60  0.60  0.60  0.60  0.60  0.60  0.60  0.60  0.60  0.60  0.60  0.60  0.60  0.60  0.60  0.60  0.60  0.60  0.60  0.60
  0.60  0.60  0.60  0.60  0.60  0.60  0.60  0.60  0.60  0.60  0.60  0.60  0.60  0.60  0.60  0.60  0.60  0.60  0.60  0.60  0.60  0.60  0.60  1.39  2.30  2.88  3.32  3.65  3.91  4.10  4.23  4.31  4.33  4.31  4.23  4.10  3.91  3.65  3.32  2.89  2.30  1.39  0.60  0.60  0.60  0.60  0.60  0.60  0.60  0.60  0.60  0.60  0.60  0.60  0.60  0.60  0.60  0.60  0.60  0.60  0.60  0.60  0.60  0.60
  0.60  0.60  0.60  0.60  0.60  0.60  0.60  0.60  0.60  0.60  0.60  0.60  0.60  0.60  0.60  0.60  0.60  0.60  0.60  0.60  0.60  0.60  0.60  1.56  2.41  2.98  3.41  3.73  3.99  4.18  4.31  4.38  4.41  4.38  4.31  4.18  3.99  3.73  3.41  2.98  2.41  1.56  0.60  0.60  0.60  0.60  0.60  0.60  0.60  0.60  0.60  0.60  0.60  0.60  0.60  0.60  0.60  0.60  0.60  0.60  0.60  0.60  0.60  0.60
  0.60  0.60  0.60  0.60  0.60  0.60  0.60  0.60  0.60  0.60  0.60  0.60  0.60  0.60  0.60  0.60  0.60  0.60  0.60  0.60  0.60  0.60  0.60  1.71  2.52  3.07  3.49  3.81  4.06  4.25  4.38  4.46  4.48  4.46  4.38  4.25  4.06  3.81  3.49  3.07  2.52  1.71  0.60  0.60  0.60  0.60  0.60  0.60  0.60  0.60  0.60  0.60  0.60  0.60  0.60  0.60  0.60  0.60  0.60  0.60  0.60  0.60  0.60  0.60
  0.60  0.60  0.60  0.60  0.60  0.60  0.60  0.60  0.60  0.60  0.60  0.60  0.60  0.60  0.60  0.60  0.60  0.60  0.60  0.60  0.60  0.60  0.60  1.85  2.62  3.16  3.57  3.89  4.14  4.33  4.45  4.53  4.55  4.53  4.45  4.33  4.14  3.89  3.57  3.16  2.62  1.85  0.60  0.60  0.60  0.60  0.60  0.60  0.60  0.60  0.60  0.60  0.60  0.60  0.60  0.60  0.60  0.60  0.60  0.60  0.60  0.60  0.60  0.60
  0.60  0.60  0.60  0.60  0.60  0.60  0.60  0.60  0.60  0.60  0.60  0.60  0.60  0.60  0.60  0.60  0.60  0.60  0.60  0.60  0.60  0.60  0.60  1.98  2.72  3.25  3.65  3.97  4.21  4.40  4.53  4.60  4.63  4.60  4.53  4.40  4.21  3.97  3.65  3.25  2.72  1.98  0.60  0.60  0.60  0.60  0.60  0.60  0.60  0.60  0.60  0.60  0.60  0.60  0.60  0.60  0.60  0.60  0.60  0.60  0.60  0.60  0.60  0.60
  0.60  0.60  0.60  0.60  0.60  0.60  0.60  0.60  0.60  0.60  0.60  0.60  0.60  0.60  0.60  0.60  0.60  0.60  0.60  0.60  0.60  0.60  0.79  2.10  2.82  3.33  3.73  4.04  4.29  4.47  4.60  4.67  4.70  4.67  4.60  4.47  4.29  4.04  3.73  3.33  2.82  2.10  0.79  0.60  0.60  0.60  0.60  0.60  0.60  0.60  0.60  0.60  0.60  0.60  0.60  0.60  0.60  0.60  0.60  0.60  0.60  0.60  0.60  0.60
  0.60  0.60  0.60  0.60  0.60  0.60  0.60  0.60  0.60  0.60  0.60  0.60  0.60  0.60  0.60  0.60  0.60  0.60  0.60  0.60  0.60  0.60  1.04  2.22  2.91  3.41  3.81  4.12  4.36  4.54  4.66  4.74  4.76  4.74  4.66  4.54  4.36  4.12  3.81  3.41  2.91  2.22  1.05  0.60  0.60  0.60  0.60  0.60  0.60  0.60  0.60  0.60  0.60  0.60  0.60  0.60  0.60  0.60  0.60  0.60  0.60  0.60  0.60  0.60
  0.60  0.60  0.60  0.60  0.60  0.60  0.60  0.60  0.60  0.60  0.60  0.60  0.60  0.60  0.60  0.60  0.60  0.60  0.60  0.60  0.60  0.60  1.25  2.33  3.00  3.50  3.88  4.19  4.43  4.61  4.73  4.81  4.83  4.81  4.73  4.61  4.43  4.19  3.88  3.50  3.00  2.33  1.25  0.60  0.60  0.60  0.60  0.60  0.60  0.60  0.60  0.60  0.60  0.60  0.60  0.60  0.60  0.60  0.60  0.60  0.60  0.60  0.60  0.60
  0.60  0.60  0.60  0.60  0.60  0.60  0.60  0.60  0.60  0.60  0.60  0.60  0.60  0.60  0.60  0.60  0.60  0.60  0.60  0.60  0.60  0.60  1.42  2.43  3.08  3.57  3.96  4.26  4.50  4.68  4.80  4.87  4.90  4.87  4.80  4.68  4.50  4.26  3.96  3.57  3.08  2.43  1.42  0.60  0.60  0.60  0.60  0.60  0.60  0.60  0.60  0.60  0.60  0.60  0.60  0.60  0.60  0.60  0.60  0.60  0.60  0.60  0.60  0.60
  0.60  0.60  0.60  0.60  0.60  0.60  0.60  0.60  0.60  0.60  0.60  0.60  0.60  0.60  0.60  0.60  0.60  0.60  0.60  0.60  0.60  0.60  1.58  2.53  3.17  3.65  4.03  4.33  4.56  4.74  4.87  4.94  4.96  4.94  4.87  4.74  4.56  4.33  4.03  3.65  3.17  2.53  1.58  0.60  0.60  0.60  0.60  0.60  0.60  0.60  0.60  0.60  0.60  0.60  0.60  0.60  0.60  0.60  0.60  0.60  0.60  0.60  0.60  0.60
  0.60  0.60  0.60  0.60  0.60  0.60  0.60  0.60  0.60  0.60  0.60  0.60  0.60  0.60  0.60  0.60  0.60  0.60  0.60  0.60  0.60  0.60  1.72  2.63  3.25  3.72  4.10  4.40  4.63  4.81  4.93  5.00  5.03  5.00  4.93  4.81  4.63  4.40  4.10  3.72  3.25  2.63  1.72  0.60  0.60  0.60  0.60  0.60  0.60  0.60  0.60  0.60  0.60  0.60  0.60  0.60  0.60  0.60  0.60  0.60  0.60  0.60  0.60  0.60
  0.60  0.60  0.60  0.60  0.60  0.60  0.60  0.60  0.60  0.60  0.60  0.60  0.60  0.60  0.60  0.60  0.60  0.60  0.60  0.60  0.60  0.60  1.85  2.72  3.33  3.80  4.17  4.46  4.70  4.87  4.99  5.07  5.09  5.07  4.99  4.87  4.70  4.46  4.17  3.80  3.33  2.72  1.85  0.60  0.60  0.60  0.60  0.60  0.60  0.60  0.60  0.60  0.60  0.60  0.60  0.60  0.60  0.60  0.60  0.60  0.60  0.60  0.60  0.60
  0.60  0.60  0.60  0.60  0.60  0.60  0.60  0.60  0.60  0.60  0.60  0.60  0.60  0.60  0.60  0.60  0.60  0.60  0.60  0.60  0.60  0.60  1.97  2.81  3.41  3.87  4.24  4.53  4.76  4.93  5.06  5.13  5.15  5.13  5.06  4.93  4.76  4.53  4.24  3.87  3.41  2.81  1.97  0.60  0.60  0.60  0.60  0.60  0.60  0.60  0.60  0.60  0.60  0.60  0.60  0.60  0.60  0.60  0.60  0.60  0.60  0.60  0.60  0.60
  0.60  0.60  0.60  0.60  0.60  0.60  0.60  0.60  0.60  0.60  0.60  0.60  0.60  0.60  0.60  0.60  0.60  0.60  0.60  0.60  0.60  0.60  2.08  2.90  3.48  3.94  4.30  4.59  4.82  5.00  5.12  5.19  5.21  5.19  5.12  5.00  4.82  4.59  4.30  3.94  3.48  2.90  2.08  0.60  0.60  0.60  0.60  0.60  0.60  0.60  0.60  0.60  0.60  0.60  0.60  0.60  0.60  0.60  0.60  0.60  0.60  0.60  0.60  0.60
  0.60  0.60  0.60  0.60  0.60  0.60  0.60  0.60  0.60  0.60  0.60  0.60  0.60  0.60  0.60  0.60  0.60  0.60  0.60  0.60  0.60  0.67  2.19  2.98  3.56  4.01  4.37  4.66  4.89  5.06  5.18  5.25  5.27  5.25  5.18  5.06  4.89  4.66  4.37  4.01  3.56  2.98  2.19  0.67  0.60  0.60  0.60  0.60  0.60  0.60  0.60  0.60  0.60  0.60  0.60  0.60  0.60  0.60  0.60  0.60  0.60  0.60  0.60  0.60
  0.60  0.60  0.60  0.60  0.60  0.60  0.60  0.60  0.60  0.60  0.60  0.60  0.60  0.60  0.60  0.60  0.60  0.60  0.60  0.60  0.60  0.94  2.30  3.06  3.63  4.08  4.43  4.72  4.95  5.12  5.24  5.31  5.33  5.31  5.24  5.12  4.95  4.72  4.43  4.08  3.63  3.06  2.30  0.94  0.60  0.60  0.60  0.60  0.60  0.60  0.60  0.60  0.60  0.60  0.60  0.60  0.60  0.60  0.60  0.60  0.60  0.60  0.60  0.60
  0.60  0.60  0.60  0.60  0.60  0.60  0.60  0.60  0.60  0.60  0.60  0.60  0.60  0.60  0.60  0.60  0.60  0.60  0.60  0.60  0.60  1.15  2.39  3.14  3.70  4.14  4.50  4.78  5.01  5.18  5.30  5.37  5.39  5.37  5.30  5.18  5.01  4.78  4.50  4.14  3.70  3.14  2.39  1.15  0.60  0.60  0.60  0.60  0.60  0.60  0.60  0.60  0.60  0.60  0.60  0.60  0.60  0.60  0.60  0.60  0.60  0.60  0.60  0.60
  0.60  0.60  0.60  0.60  0.60  0.60  0.60  0.60  0.60  0.60  0.60  0.60  0.60  0.60  0.60  0.60  0.60  0.60  0.60  0.60  0.60  1.32  2.49  3.22  3.77  4.21  4.56  4.84  5.07  5.24  5.36  5.43  5.45  5.43  5.36  5.24  5.07  4.84  4.56  4.21  3.77  3.22  2.49  1.32  0.60  0.60  0.60  0.60  0.60  0.60  0.60  0.60  0.60  0.60  0.60  0.60  0.60  0.60  0.60  0.60  0.60  0.60  0.60  0.60
  0.60  0.60  0.60  0.60  0.60  0.60  0.60  0.60  0.60  0.60  0.60  0.60  0.60  0.60  0.60  0.60  0.60  0.60  0.60  0.60  0.60  1.47  2.58  3.29  3.84  4.27  4.62  4.90  5.13  5.29  5.41  5.48  5.51  5.48  5.41  5.29  5.13  4.90  4.62  4.27  3.84  3.29  2.58  1.48  0.60  0.60  0.60  0.60  0.60  0.60  0.60  0.60  0.60  0.60  0.60  0.60  0.60  0.60  0.60  0.60  0.60  0.60  0.60  0.60
  0.60  0.60  0.60  0.60  0.60  0.60  0.60  0.60  0.60  0.60  0.60  0.60  0.60  0.60  0.60  0.60  0.60  0.60  0.60  0.60  0.60  1.61  2.67  3.37  3.90  4.33  4.68  4.96  5.18  5.35  5.47  5.54  5.56  5.54  5.47  5.35  5.18  4.96  4.68  4.33  3.90  3.37  2.67  1.61  0.60  0.60  0.60  0.60  0.60  0.60  0.60  0.60  0.60  0.60  0.60  0.60  0.60  0.60  0.60  0.60  0.60  0.60  0.60  0.60
  0.60  0.60  0.60  0.60  0.60  0.60  0.60  0.60  0.60  0.60  0.60  0.60  0.60  0.60  0.60  0.60  0.60  0.60  0.60  0.60  0.60  1.74  2.75  3.44  3.97  4.39  4.74  5.02  5.24  5.41  5.53  5.60  5.62  5.60  5.53  5.41  5.24  5.02  4.74  4.39  3.97  3.44  2.75  1.74  0.60  0.60  0.60  0.60  0.60  0.60  0.60  0.60  0.60  0.60  0.60  0.60  0.60  0.60  0.60  0.60  0.60  0.60  0.60  0.60
  0.60  0.60  0.60  0.60  0.60  0.60  0.60  0.60  0.60  0.60  0.60  0.60  0.60  0.60  0.60  0.60  0.60  0.60  0.60  0.60  0.60  1.86  2.84  3.51  4.03  4.46  4.80  5.08  5.30  5.46  5.58  5.65  5.67  5.65  5.58  5.46  5.30  5.08  4.80  4.46  4.03  3.51  2.84  1.86  0.60  0.60  0.60  0.60  0.60  0.60  0.60  0.60  0.60  0.60  0.60  0.60  0.60  0.60  0.60  0.60  0.60  0.60  0.60  0.60
  0.60  0.60  0.60  0.60  0.60  0.60  0.60  0.60  0.60  0.60  0.60  0.60  0.60  0.60  0.60  0.60  0.60  0.60  0.60  0.60  0.60  1.97  2.92  3.58  4.10  4.52  4.86  5.13  5.35  5.52  5.63  5.70  5.73  5.70  5.63  5.52  5.35  5.13  4.86  4.52  4.10  3.58  2.92  1.97  0.60  0.60  0.60  0.60  0.60  0.60  0.60  0.60  0.60  0.60  0.60  0.60  0.60  0.60  0.60  0.60  0.60  0.60  0.60  0.60
  0.60  0.60  0.60  0.60  0.60  0.60  0.60  0.60  0.60  0.60  0.60  0.60  0.60  0.60  0.60  0.60  0.60  0.60  0.60  0.60  0.60  2.08  2.99  3.65  4.16  4.57  4.91  5.19  5.41  5.57  5.69  5.76  5.78  5.76  5.69  5.57  5.41  5.19  4.91  4.57  4.16  3.65  2.99  2.08  0.60  0.60  0.60  0.60  0.60  0.60  0.60  0.60  0.60  0.60  0.60  0.60  0.60  0.60  0.60  0.60  0.60  0.60  0.60  0.60
  0.60  0.60  0.60  0.60  0.60  0.60  0.60  0.60  0.60  0.60  0.60  0.60  0.60  0.60  0.60  0.60  0.60  0.60  0.60  0.60  0.60  2.18  3.07  3.71  4.22  4.63  4.97  5.24  5.46  5.62  5.74  5.81  5.83  5.81  5.74  5.62  5.46  5.24  4.97  4.63  4.22  3.71  3.07  2.18  0.60  0.60  0.60  0.60  0.60  0.60  0.60  0.60  0.60  0.60  0.60  0.60  0.60  0.60  0.60  0.60  0.60  0.60  0.60  0.60
  0.60  0.60  0.60  0.60  0.60  0.60  0.60  0.60  0.60  0.60  0.60  0.60  0.60  0.60  0.60  0.60  0.60  0.60  0.60  0.60  0.60  2.28  3.14  3.78  4.28  4.69  5.02  5.30  5.51  5.68  5.79  5.86  5.88  5.86  5.79  5.68  5.51  5.30  5.02  4.69  4.28  3.78  3.14  2.28  0.60  0.60  0.60  0.60  0.60  0.60  0.60  0.60  0.60  0.60  0.60  0.60  0.60  0.60  0.60  0.60  0.60  0.60  0.60  0.60
  0.60  0.60  0.60  0.60  0.60  0.60  0.60  0.60  0.60  0.60  0.60  0.60  0.60  0.60  0.60  0.60  0.60  0.60  0.60  0.60  0.81  2.37  3.21  3.84  4.34  4.75  5.08  5.35  5.56  5.73  5.84  5.91  5.94  5.91  5.84  5.73  5.56  5.35  5.08  4.75  4.34  3.84  3.21  2.37  0.81  0.60  0.60  0.60  0.60  0.60  0.60  0.60  0.60  0.60  0.60  0.60  0.60  0.60  0.60  0.60  0.60  0.60  0.60  0.60
  0.60  0.60  0.60  0.60  0.60  0.60  0.60  0.60  0.60  0.60  0.60  0.60  0.60  0.60  0.60  0.60  0.60  0.60  0.60  0.60  1.02  2.46  3.28  3.90  4.40  4.80  5.13  5.40  5.62  5.78  5.90  5.96  5.99  5.96  5.90  5.78  5.62  5.40  5.13  4.80  4.40  3.90  3.28  2.46  1.02  0.60  0.60  0.60  0.60  0.60  0.60  0.60  0.60  0.60  0.60  0.60  0.60  0.60  0.60  0.60  0.60  0.60  0.60  0.60
  0.60  0.60  0.60  0.60  0.60  0.60  0.60  0.60  0.60  0.60  0.60  0.60  0.60  0.60  0.60  0.60  0.60  0.60  0.60  0.60  1.20  2.54  3.35  3.96  4.45  4.85  5.18  5.45  5.67  5.83  5.95  6.01  6.04  6.01  5.95  5.83  5.67  5.45  5.18  4.85  4.45  3.96  3.35  2.54  1.20  0.60  0.60  0.60  0.60  0.60  0.60  0.60  0.60  0.60  0.60  0.60  0.60  0.60  0.60  0.60  0.60  0.60  0.60  0.60
  0.60  0.60  0.60  0.60  0.60  0.60  0.60  0.60  0.60  0.60  0.60  0.60  0.60  0.60  0.60  0.60  0.60  0.60  0.60  0.60  1.36  2.63  3.42  4.02  4.51  4.91  5.24  5.50  5.72  5.88  5.99  6.06  6.09  6.06  5.99  5.88  5.72  5.50  5.24  4.91  4.51  4.02  3.42  2.63  1.36  0.60  0.60  0.60  0.60  0.60  0.60  0.60  0.60  0.60  0.60  0.60  0.60  0.60  0.60  0.60  0.60  0.60  0.60  0.60
  0.60  0.60  0.60  0.60  0.60  0.60  0.60  0.60  0.60  0.60  0.60  0.60  0.60  0.60  0.60  0.60  0.60  0.60  0.60  0.60  1.50  2.71  3.49  4.08  4.56  4.96  5.29  5.55  5.77  5.93  6.04  6.11  6.13  6.11  6.04  5.93  5.77  5.55  5.29  4.96  4.57  4.08  3.49  2.71  1.50  0.60  0.60  0.60  0.60  0.60  0.60  0.60  0.60  0.60  0.60  0.60  0.60  0.60  0.60  0.60  0.60  0.60  0.60  0.60
  0.60  0.60  0.60  0.60  0.60  0.60  0.60  0.60  0.60  0.60  0.60  0.60  0.60  0.60  0.60  0.60  0.60  0.60  0.60  0.60  1.63  2.79  3.55  4.14  4.62  5.01  5.34  5.60  5.82  5.98  6.09  6.16  6.18  6.16  6.09  5.98  5.82  5.60  5.34  5.01  4.62  4.14  3.55  2.79  1.63  0.60  0.60  0.60  0.60  0.60  0.60  0.60  0.60  0.60  0.60  0.60  0.60  0.60  0.60  0.60  0.60  0.60  0.60  0.60
  0.60  0.60  0.60  0.60  0.60  0.60  0.60  0.60  0.60  0.60  0.60  0.60  0.60  0.60  0.60  0.60  0.60  0.60  0.60  0.60  1.75  2.86  3.61  4.20  4.67  5.07  5.39  5.65  5.86  6.03  6.14  6.21  6.23  6.21  6.14  6.03  5.86  5.65  5.39  5.07  4.67  4.20  3.61  2.86  1.75  0.60  0.60  0.60  0.60  0.60  0.60  0.60  0.60  0.60  0.60  0.60  0.60  0.60  0.60  0.60  0.60  0.60  0.60  0.60
  0.60  0.60  0.60  0.60  0.60  0.60  0.60  0.60  0.60  0.60  0.60  0.60  0.60  0.60  0.60  0.60  0.60  0.60  0.60  0.60  1.86  2.93  3.68  4.25  4.73  5.12  5.44  5.70  5.91  6.07  6.19  6.25  6.28  6.25  6.19  6.07  5.91  5.70  5.44  5.12  4.73  4.25  3.68  2.93  1.86  0.60  0.60  0.60  0.60  0.60  0.60  0.60  0.60  0.60  0.60  0.60  0.60  0.60  0.60  0.60  0.60  0.60  0.60  0.60
  0.60  0.60  0.60  0.60  0.60  0.60  0.60  0.60  0.60  0.60  0.60  0.60  0.60  0.60  0.60  0.60  0.60  0.60  0.60  0.60  1.96  3.01  3.74  4.31  4.78  5.17  5.49  5.75  5.96  6.12  6.23  6.30  6.32  6.30  6.23  6.12  5.96  5.75  5.49  5.17  4.78  4.31  3.74  3.01  1.96  0.60  0.60  0.60  0.60  0.60  0.60  0.60  0.60  0.60  0.60  0.60  0.60  0.60  0.60  0.60  0.60  0.60  0.60  0.60
  0.60  0.60  0.60  0.60  0.60  0.60  0.60  0.60  0.60  0.60  0.60  0.60  0.60  0.60  0.60  0.60  0.60  0.60  0.60  0.60  2.06  3.08  3.80  4.36  4.83  5.22  5.54  5.80  6.01  6.17  6.28  6.35  6.37  6.35  6.28  6.17  6.01  5.80  5.54  5.22  4.83  4.36  3.80  3.08  2.06  0.60  0.60  0.60  0.60  0.60  0.60  0.60  0.60  0.60  0.60  0.60  0.60  0.60  0.60  0.60  0.60  0.60  0.60  0.60
  0.60  0.60  0.60  0.60  0.60  0.60  0.60  0.60  0.60  0.60  0.60  0.60  0.60  0.60  0.60  0.60  0.60  0.60  0.60  0.60  2.15  3.14  3.85  4.42  4.88  5.26  5.58  5.84  6.05  6.21  6.32  6.39  6.41  6.39  6.32  6.21  6.05  5.84  5.58  5.26  4.88  4.42  3.85  3.14  2.15  0.60  0.60  0.60  0.60  0.60  0.60  0.60  0.60  0.60  0.60  0.60  0.60  0.60  0.60  0.60  0.60  0.60  0.60  0.60
  0.60  0.60  0.60  0.60  0.60  0.60  0.60  0.60  0.60  0.60  0.60  0.60  0.60  0.60  0.60  0.60  0.60  0.60  0.60  0.60  2.24  3.21  3.91  4.47  4.93  5.31  5.63  5.89  6.10  6.26  6.37  6.44  6.46  6.44  6.37  6.26  6.10  5.89  5.63  5.31  4.93  4.47  3.91  3.21  2.24  0.60  0.60  0.60  0.60  0.60  0.60  0.60  0.60  0.60  0.60  0.60  0.60  0.60  0.60  0.60  0.60  0.60  0.60  0.60
  0.60  0.60  0.60  0.60  0.60  0.60  0.60  0.60  0.60  0.60  0.60  0.60  0.60  0.60  0.60  0.60  0.60  0.60  0.60  0.60  2.33  3.28  3.97  4.52  4.98  5.36  5.68  5.93  6.14  6.30  6.41  6.48  6.50  6.48  6.41  6.30  6.14  5.93  5.68  5.36  4.98  4.52  3.97  3.28  2.33  0.60  0.60  0.60  0.60  0.60  0.60  0.60  0.60  0.60  0.60  0.60  0.60  0.60  0.60  0.60  0.60  0.60  0.60  0.60
  0.60  0.60  0.60  0.60  0.60  0.60  0.60  0.60  0.60  0.60  0.60  0.60  0.60  0.60  0.60  0.60  0.60  0.60  0.60  0.60  2.42  3.34  4.02  4.57  5.03  5.41  5.72  5.98  6.19  6.34  6.46  6.52  6.54  6.52  6.46  6.34  6.19  5.98  5.72  5.41  5.03  4.57  4.02  3.34  2.42  0.60  0.60  0.60  0.60  0.60  0.60  0.60  0.60  0.60  0.60  0.60  0.60  0.60  0.60  0.60  0.60  0.60  0.60  0.60
  0.60  0.60  0.60  0.60  0.60  0.60  0.60  0.60  0.60  0.60  0.60  0.60  0.60  0.60  0.60  0.60  0.60  0.60  0.60  0.82  2.50  3.40  4.08  4.62  5.08  5.45  5.77  6.02  6.23  6.39  6.50  6.57  6.59  6.57  6.50  6.39  6.23  6.02  5.77  5.45  5.08  4.62  4.08  3.40  2.50  0.82  0.60  0.60  0.60  0.60  0.60  0.60  0.60  0.60  0.60  0.60  0.60  0.60  0.60  0.60  0.60  0.60  0.60  0.60
  0.60  0.60  0.60  0.60  0.60  0.60  0.60  0.60  0.60  0.60  0.60  0.60  0.60  0.60  0.60  0.60  0.60  0.60  0.60  1.02  2.57  3.46  4.13  4.67  5.12  5.50  5.81  6.07  6.27  6.43  6.54  6.61  6.63  6.61  6.54  6.43  6.27  6.07  5.81  5.50  5.12  4.67  4.13  3.46  2.57  1.02  0.60  0.60  0.60  0.60  0.60  0.60  0.60  0.60  0.60  0.60  0.60  0.60  0.60  0.60  0.60  0.60  0.60  0.60
  0.60  0.60  0.60  0.60  0.60  0.60  0.60  0.60  0.60  0.60  0.60  0.60  0.60  0.60  0.60  0.60  0.60  0.60  0.60  1.19  2.65  3.52  4.19  4.72  5.17  5.54  5.85  6.11  6.32  6.47  6.58  6.65  6.67  6.65  6.58  6.47  6.32  6.11  5.85  5.54  5.17  4.72  4.19  3.52  2.65  1.19  0.60  0.60  0.60  0.60  0.60  0.60  0.60  0.60  0.60  0.60  0.60  0.60  0.60  0.60  0.60  0.60  0.60  0.60
  0.60  0.60  0.60  0.60  0.60  0.60  0.60  0.60  0.60  0.60  0.60  0.60  0.60  0.60  0.60  0.60  0.60  0.60  0.60  1.33  2.72  3.58  4.24  4.77  5.22  5.59  5.90  6.15  6.36  6.51  6.63  6.69  6.71  6.69  6.63  6.51  6.36  6.15  5.90  5.59  5.22  4.77  4.24  3.58  2.72  1.34  0.60  0.60  0.60  0.60  0.60  0.60  0.60  0.60  0.60  0.60  0.60  0.60  0.60  0.60  0.60  0.60  0.60  0.60
  0.60  0.60  0.60  0.60  0.60  0.60  0.60  0.60  0.60  0.60  0.60  0.60  0.60  0.60  0.60  0.60  0.60  0.60  0.60  1.47  2.80  3.64  4.29  4.82  5.26  5.63  5.94  6.20  6.40  6.56  6.67  6.73  6.75  6.73  6.67  6.56  6.40  6.20  5.94  5.63  5.26  4.82  4.29  3.64  2.80  1.47  0.60  0.60  0.60  0.60  0.60  0.60  0.60  0.60  0.60  0.60  0.60  0.60  0.60  0.60  0.60  0.60  0.60  0.60
  0.60  0.60  0.60  0.60  0.60  0.60  0.60  0.60  0.60  0.60  0.60  0.60  0.60  0.60  0.60  0.60  0.60  0.60  0.60  1.59  2.86  3.70  4.34  4.87  5.31  5.68  5.98  6.24  6.44  6.60  6.71  6.77  6.79  6.77  6.71  6.60  6.44  6.24  5.98  5.68  5.31  4.87  4.34  3.70  2.86  1.59  0.60  0.60  0.60  0.60  0.60  0.60  0.60  0.60  0.60  0.60  0.60  0.60  0.60  0.60  0.60  0.60  0.60  0.60
  0.60  0.60  0.60  0.60  0.60  0.60  0.60  0.60  0.60  0.60  0.60  0.60  0.60  0.60  0.60  0.60  0.60  0.60  0.60  1.70  2.93  3.75  4.39  4.91  5.35  5.72  6.03  6.28  6.48  6.64  6.75  6.81  6.83  6.81  6.75  6.64  6.48  6.28  6.03  5.72  5.35  4.91  4.39  3.75  2.93  1.70  0.60  0.60  0.60  0.60  0.60  0.60  0.60  0.60  0.60  0.60  0.60  0.60  0.60  0.60  0.60  0.60  0.60  0.60
  0.60  0.60  0.60  0.60  0.60  0.60  0.60  0.60  0.60  0.60  0.60  0.60  0.60  0.60  0.60  0.60  0.60  0.60  0.60  1.81  3.00  3.81  4.44  4.96  5.39  5.76  6.07  6.32  6.52  6.68  6.79  6.85  6.87  6.85  6.79  6.68  6.52  6.32  6.07  5.76  5.39  4.96  4.44  3.81  3.00  1.81  0.60  0.60  0.60  0.60  0.60  0.60  0.60  0.60  0.60  0.60  0.60  0.60  0.60  0.60  0.60  0.60  0.60  0.60
  0.60  0.60  0.60  0.60  0.60  0.60  0.60  0.60  0.60  0.60  0.60  0.60  0.60  0.60  0.60  0.60  0.60  0.60  0.60  1.91  3.06  3.86  4.49  5.00  5.44  5.80  6.11  6.36  6.56  6.72  6.83  6.89  6.91  6.89  6.83  6.72  6.56  6.36  6.11  5.80  5.44  5.00  4.49  3.86  3.06  1.91  0.60  0.60  0.60  0.60  0.60  0.60  0.60  0.60  0.60  0.60  0.60  0.60  0.60  0.60  0.60  0.60  0.60  0.60
  0.60  0.60  0.60  0.60  0.60  0.60  0.60  0.60  0.60  0.60  0.60  0.60  0.60  0.60  0.60  0.60  0.60  0.60  0.60  2.00  3.13  3.91  4.54  5.05  5.48  5.84  6.15  6.40  6.60  6.75  6.86  6.93  6.95  6.93  6.86  6.75  6.60  6.40  6.15  5.84  5.48  5.05  4.54  3.91  3.13  2.00  0.60  0.60  0.60  0.60  0.60  0.60  0.60  0.60  0.60  0.60  0.60  0.60  0.60  0.60  0.60  0.60  0.60  0.60
  0.60  0.60  0.60  0.60  0.60  0.60  0.60  0.60  0.60  0.60  0.60  0.60  0.60  0.60  0.60  0.60  0.60  0.60  0.60  2.09  3.19  3.97  4.58  5.09  5.52  5.88  6.19  6.44  6.64  6.79  6.90  6.97  6.99  6.97  6.90  6.79  6.64  6.44  6.19  5.88  5.52  5.09  4.58  3.97  3.19  2.09  0.60  0.60  0.60  0.60  0.60  0.60  0.60  0.60  0.60  0.60  0.60  0.60  0.60  0.60  0.60  0.60  0.60  0.60
  0.60  0.60  0.60  0.60  0.60  0.60  0.60  0.60  0.60  0.60  0.60  0.60  0.60  0.60  0.60  0.60  0.60  0.60  0.60  2.18  3.25  4.02  4.63  5.14  5.56  5.92  6.23  6.48  6.68  6.83  6.94  7.00  7.03  7.00  6.94  6.83  6.68  6.48  6.23  5.92  5.56  5.14  4.63  4.02  3.25  2.18  0.60  0.60  0.60  0.60  0.60  0.60  0.60  0.60  0.60  0.60  0.60  0.60  0.60  0.60  0.60  0.60  0.60  0.60
  0.60  0.60  0.60  0.60  0.60  0.60  0.60  0.60  0.60  0.60  0.60  0.60  0.60  0.60  0.60  0.60  0.60  0.60  0.60  2.26  3.31  4.07  4.67  5.18  5.60  5.96  6.27  6.51  6.71  6.87  6.98  7.04  7.06  7.04  6.98  6.87  6.71  6.51  6.27  5.96  5.60  5.18  4.67  4.07  3.31  2.26  0.60  0.60  0.60  0.60  0.60  0.60  0.60  0.60  0.60  0.60  0.60  0.60  0.60  0.60  0.60  0.60  0.60  0.60
  0.60  0.60  0.60  0.60  0.60  0.60  0.60  0.60  0.60  0.60  0.60  0.60  0.60  0.60  0.60  0.60  0.60  0.60  0.60  2.34  3.37  4.12  4.72  5.22  5.65  6.00  6.30  6.55  6.75  6.91  7.01  7.08  7.10  7.08  7.01  6.91  6.75  6.55  6.30  6.00  5.65  5.22  4.72  4.12  3.37  2.34  0.60  0.60  0.60  0.60  0.60  0.60  0.60  0.60  0.60  0.60  0.60  0.60  0.60  0.60  0.60  0.60  0.60  0.60
  0.60  0.60  0.60  0.60  0.60  0.60  0.60  0.60  0.60  0.60  0.60  0.60  0.60  0.60  0.60  0.60  0.60  0.60  0.60  2.42  3.42  4.17  4.76  5.26  5.69  6.04  6.34  6.59  6.79  6.94  7.05  7.11  7.14  7.11  7.05  6.94  6.79  6.59  6.34  6.04  5.69  5.26  4.76  4.17  3.42  2.42  0.60  0.60  0.60  0.60  0.60  0.60  0.60  0.60  0.60  0.60  0.60  0.60  0.60  0.60  0.60  0.60  0.60  0.60
  0.60  0.60  0.60  0.60  0.60  0.60  0.60  0.60  0.60  0.60  0.60  0.60  0.60  0.60  0.60  0.60  0.60  0.60  0.60  2.50  3.48  4.21  4.81  5.31  5.73  6.08  6.38  6.63  6.83  6.98  7.09  7.15  7.17  7.15  7.09  6.98  6.83  6.63  6.38  6.08  5.73  5.31  4.81  4.21  3.48  2.50  0.60  0.60  0.60  0.60  0.60  0.60  0.60  0.60  0.60  0.60  0.60  0.60  0.60  0.60  0.60  0.60  0.60  0.60
  0.60  0.60  0.60  0.60  0.60  0.60  0.60  0.60  0.60  0.60  0.60  0.60  0.60  0.60  0.60  0.60  0.60  0.60  0.71  2.57  3.54  4.26  4.85  5.35  5.76  6.12  6.42  6.66  6.86  7.01  7.12  7.19  7.21  7.19  7.12  7.01  6.86  6.66  6.42  6.12  5.76  5.35  4.85  4.26  3.54  2.57  0.72  0.60  0.60  0.60  0.60  0.60  0.60  0.60  0.60  0.60  0.60  0.60  0.60  0.60  0.60  0.60  0.60  0.60
  0.60  0.60  0.60  0.60  0.60  0.60  0.60  0.60  0.60  0.60  0.60  0.60  0.60  0.60  0.60  0.60  0.60  0.60  0.93  2.64  3.59  4.31  4.89  5.39  5.80  6.16  6.45  6.70  6.90  7.05  7.16  7.22  7.24  7.22  7.16  7.05  6.90  6.70  6.45  6.16  5.80  5.39  4.90  4.31  3.59  2.64  0.93  0.60  0.60  0.60  0.60  0.60  0.60  0.60  0.60  0.60  0.60  0.60  0.60  0.60  0.60  0.60  0.60  0.60
  0.60  0.60  0.60  0.60  0.60  0.60  0.60  0.60  0.60  0.60  0.60  0.60  0.60  0.60  0.60  0.60  0.60  0.60  1.10  2.71  3.64  4.36  4.94  5.43  5.84  6.19  6.49  6.73  6.93  7.08  7.19  7.25  7.28  7.25  7.19  7.08  6.93  6.73  6.49  6.19  5.84  5.43  4.94  4.36  3.64  2.71  1.10  0.60  0.60  0.60  0.60  0.60  0.60  0.60  0.60  0.60  0.60  0.60  0.60  0.60  0.60  0.60  0.60  0.60
  0.60  0.60  0.60  0.60  0.60  0.60  0.60  0.60  0.60  0.60  0.60  0.60  0.60  0.60  0.60  0.60  0.60  0.60  1.25  2.77  3.69  4.40  4.98  5.47  5.88  6.23  6.52  6.77  6.97  7.12  7.22  7.29  7.31  7.29  7.22  7.12  6.97  6.77  6.52  6.23  5.88  5.47  4.98  4.40  3.69  2.77  1.25  0.60  0.60  0.60  0.60  0.60  0.60  0.60  0.60  0.60  0.60  0.60  0.60  0.60  0.60  0.60  0.60  0.60
  0.60  0.60  0.60  0.60  0.60  0.60  0.60  0.60  0.60  0.60  0.60  0.60  0.60  0.60  0.60  0.60  0.60  0.60  1.38  2.84  3.75  4.45  5.02  5.50  5.92  6.27  6.56  6.80  7.00  7.15  7.26  7.32  7.34  7.32  7.26  7.15  7.00  6.80  6.56  6.27  5.92  5.50  5.02  4.45  3.75  2.84  1.38  0.60  0.60  0.60  0.60  0.60  0.60  0.60  0.60  0.60  0.60  0.60  0.60  0.60  0.60  0.60  0.60  0.60
  0.60  0.60  0.60  0.60  0.60  0.60  0.60  0.60  0.60  0.60  0.60  0.60  0.60  0.60  0.60  0.60  0.60  0.60  1.50  2.90  3.80  4.49  5.06  5.54  5.95  6.30  6.59  6.84  7.03  7.18  7.29  7.36  7.38  7.36  7.29  7.18  7.03  6.84  6.59  6.30  5.95  5.54  5.06  4.49  3.80  2.90  1.50  0.60  0.60  0.60  0.60  0.60  0.60  0.60  0.60  0.60  0.60  0.60  0.60  0.60  0.60  0.60  0.60  0.60
  0.60  0.60  0.60  0.60  0.60  0.60  0.60  0.60  0.60  0.60  0.60  0.60  0.60  0.60  0.60  0.60  0.60  0.60  1.61  2.96  3.85  4.53  5.10  5.58  5.99  6.34  6.63  6.87  7.07  7.22  7.32  7.39  7.41  7.39  7.32  7.22  7.07  6.87  6.63  6.34  5.99  5.58  5.10  4.53  3.85  2.96  1.61  0.60  0.60  0.60  0.60  0.60  0.60  0.60  0.60  0.60  0.60  0.60  0.60  0.60  0.60  0.60  0.60  0.60
  0.60  0.60  0.60  0.60  0.60  0.60  0.60  0.60  0.60  0.60  0.60  0.60  0.60  0.60  0.60  0.60  0.60  0.60  1.72  3.03  3.90  4.58  5.14  5.62  6.02  6.37  6.66  6.91  7.10  7.25  7.36  7.42  7.44  7.42  7.36  7.25  7.10  6.91  6.66  6.37  6.02  5.62  5.14  4.58  3.90  3.03  1.72  0.60  0.60  0.60  0.60  0.60  0.60  0.60  0.60  0.60  0.60  0.60  0.60  0.60  0.60  0.60  0.60  0.60
  0.60  0.60  0.60  0.60  0.60  0.60  0.60  0.60  0.60  0.60  0.60  0.60  0.60  0.60  0.60  0.60  0.60  0.60  1.82  3.09  3.94  4.62  5.18  5.65  6.06  6.41  6.70  6.94  7.13  7.28  7.39  7.45  7.47  7.45  7.39  7.28  7.13  6.94  6.70  6.41  6.06  5.66  5.18  4.62  3.94  3.09  1.82  0.60  0.60  0.60  0.60  0.60  0.60  0.60  0.60  0.60  0.60  0.60  0.60  0.60  0.60  0.60  0.60  0.60
  0.60  0.60  0.60  0.60  0.60  0.60  0.60  0.60  0.60  0.60  0.60  0.60  0.60  0.60  0.60  0.60  0.60  0.60  1.91  3.14  3.99  4.66  5.22  5.69  6.10  6.44  6.73  6.97  7.16  7.31  7.42  7.48  7.50  7.48  7.42  7.31  7.16  6.97  6.73  6.44  6.10  5.69  5.22  4.66  3.99  3.14  1.91  0.60  0.60  0.60  0.60  0.60  0.60  0.60  0.60  0.60  0.60  0.60  0.60  0.60  0.60  0.60  0.60  0.60
  0.60  0.60  0.60  0.60  0.60  0.60  0.60  0.60  0.60  0.60  0.60  0.60  0.60  0.60  0.60  0.60  0.60  0.60  2.00  3.20  4.04  4.70  5.26  5.73  6.13  6.47  6.76  7.00  7.20  7.35  7.45  7.51  7.54  7.51  7.45  7.35  7.20  7.00  6.76  6.47  6.13  5.73  5.26  4.70  4.04  3.20  2.00  0.60  0.60  0.60  0.60  0.60  0.60  0.60  0.60  0.60  0.60  0.60  0.60  0.60  0.60  0.60  0.60  0.60
  0.60  0.60  0.60  0.60  0.60  0.60  0.60  0.60  0.60  0.60  0.60  0.60  0.60  0.60  0.60  0.60  0.60  0.60  2.09  3.26  4.08  4.74  5.29  5.76  6.16  6.51  6.79  7.03  7.23  7.38  7.48  7.54  7.57  7.54  7.48  7.38  7.23  7.03  6.79  6.51  6.16  5.76  5.29  4.74  4.08  3.26  2.09  0.60  0.60  0.60  0.60  0.60  0.60  0.60  0.60  0.60  0.60  0.60  0.60  0.60  0.60  0.60  0.60  0.60
  0.60  0.60  0.60  0.60  0.60  0.60  0.60  0.60  0.60  0.60  0.60  0.60  0.60  0.60  0.60  0.60  0.60  0.60  2.17  3.31  4.13  4.78  5.33  5.80  6.20  6.54  6.83  7.07  7.26  7.41  7.51  7.57  7.60  7.57  7.51  7.41  7.26  7.07  6.83  6.54  6.20  5.80  5.33  4.78  4.13  3.31  2.17  0.60  0.60  0.60  0.60  0.60  0.60  0.60  0.60  0.60  0.60  0.60  0.60  0.60  0.60  0.60  0.60  0.60
  0.60  0.60  0.60  0.60  0.60  0.60  0.60  0.60  0.60  0.60  0.60  0.60  0.60  0.60  0.60  0.60  0.60  0.60  2.25  3.37  4.17  4.82  5.37  5.83  6.23  6.57  6.86  7.10  7.29  7.44  7.54  7.60  7.63  7.60  7.54  7.44  7.29  7.10  6.86  6.57  6.23  5.83  5.37  4.82  4.17  3.37  2.25  0.60  0.60  0.60  0.60  0.60  0.60  0.60  0.60  0.60  0.60  0.60  0.60  0.60  0.60  0.60  0.60  0.60
  0.60  0.60  0.60  0.60  0.60  0.60  0.60  0.60  0.60  0.60  0.60  0.60  0.60  0.60  0.60  0.60  0.60  0.60  2.32  3.42  4.22  4.86  5.41  5.87  6.26  6.60  6.89  7.13  7.32  7.47  7.57  7.63  7.65  7.63  7.57  7.47  7.32  7.13  6.89  6.60  6.26  5.87  5.41  4.86  4.22  3.42  2.32  0.60  0.60  0.60  0.60  0.60  0.60  0.60  0.60  0.60  0.60  0.60  0.60  0.60  0.60  0.60  0.60  0.60
  0.60  0.60  0.60  0.60  0.60  0.60  0.60  0.60  0.60  0.60  0.60  0.60  0.60  0.60  0.60  0.60  0.60  0.60  2.40  3.47  4.26  4.90  5.44  5.90  6.30  6.63  6.92  7.16  7.35  7.50  7.60  7.66  7.68  7.66  7.60  7.50  7.35  7.16  6.92  6.63  6.30  5.90  5.44  4.90  4.26  3.47  2.40  0.60  0.60  0.60  0.60  0.60  0.60  0.60  0.60  0.60  0.60  0.60  0.60  0.60  0.60  0.60  0.60  0.60
  0.60  0.60  0.60  0.60  0.60  0.60  0.60  0.60  0.60  0.60  0.60  0.60  0.60  0.60  0.60  0.60  0.60  0.60  2.47  3.52  4.30  4.94  5.48  5.94  6.33  6.66  6.95  7.19  7.38  7.52  7.63  7.69  7.71  7.69  7.63  7.52  7.38  7.19  6.95  6.66  6.33  5.94  5.48  4.94  4.30  3.52  2.47  0.60  0.60  0.60  0.60  0.60  0.60  0.60  0.60  0.60  0.60  0.60  0.60  0.60  0.60  0.60  0.60  0.60
  0.60  0.60  0.60  0.60  0.60  0.60  0.60  0.60  0.60  0.60  0.60  0.60  0.60  0.60  0.60  0.60  0.60  0.60  2.54  3.57  4.35  4.98  5.51  5.97  6.36  6.70  6.98  7.22  7.41  7.55  7.66  7.72  7.74  7.72  7.66  7.55  7.41  7.22  6.98  6.70  6.36  5.97  5.51  4.98  4.35  3.57  2.54  0.60  0.60  0.60  0.60  0.60  0.60  0.60  0.60  0.60  0.60  0.60  0.60  0.60  0.60  0.60  0.60  0.60
  0.60  0.60  0.60  0.60  0.60  0.60  0.60  0.60  0.60  0.60  0.60  0.60  0.60  0.60  0.60  0.60  0.60  0.60  2.60  3.62  4.39  5.02  5.55  6.00  6.39  6.73  7.01  7.24  7.43  7.58  7.69  7.75  7.77  7.75  7.69  7.58  7.43  7.24  7.01  6.73  6.39  6.00  5.55  5.02  4.39  3.62  2.60  0.60  0.60  0.60  0.60  0.60  0.60  0.60  0.60  0.60  0.60  0.60  0.60  0.60  0.60  0.60  0.60  0.60
  0.60  0.60  0.60  0.60  0.60  0.60  0.60  0.60  0.60  0.60  0.60  0.60  0.60  0.60  0.60  0.60  0.60  0.81  2.67  3.67  4.43  5.05  5.58  6.03  6.42  6.76  7.04  7.27  7.46  7.61  7.71  7.77  7.80  7.77  7.71  7.61  7.46  7.27  7.04  6.76  6.42  6.03  5.58  5.05  4.43  3.67  2.67  0.81  0.60  0.60  0.60  0.60  0.60  0.60  0.60  0.60  0.60  0.60  0.60  0.60  0.60  0.60  0.60  0.60
  0.60  0.60  0.60  0.60  0.60  0.60  0.60  0.60  0.60  0.60  0.60  0.60  0.60  0.60  0.60  0.60  0.60  0.99  2.73  3.72  4.47  5.09  5.61  6.07  6.45  6.78  7.07  7.30  7.49  7.64  7.74  7.80  7.82  7.80  7.74  7.64  7.49  7.30  7.07  6.79  6.45  6.07  5.61  5.09  4.47  3.72  2.73  0.99  0.60  0.60  0.60  0.60  0.60  0.60  0.60  0.60  0.60  0.60  0.60  0.60  0.60  0.60  0.60  0.60
  0.60  0.60  0.60  0.60  0.60  0.60  0.60  0.60  0.60  0.60  0.60  0.60  0.60  0.60  0.60  0.60  0.60  1.15  2.79  3.76  4.51  5.13  5.65  6.10  6.48  6.81  7.09  7.33  7.52  7.66  7.77  7.83  7.85  7.83  7.77  7.66  7.52  7.33  7.10  6.81  6.48  6.10  5.65  5.13  4.51  3.76  2.79  1.15  0.60  0.60  0.60  0.60  0.60  0.60  0.60  0.60  0.60  0.60  0.60  0.60  0.60  0.60  0.60  0.60
  0.60  0.60  0.60  0.60  0.60  0.60  0.60  0.60  0.60  0.60  0.60  0.60  0.60  0.60  0.60  0.60  0.60  1.29  2.85  3.81  4.55  5.16  5.68  6.13  6.51  6.84  7.12  7.36  7.54  7.69  7.79  7.85  7.87  7.85  7.79  7.69  7.54  7.36  7.12  6.84  6.51  6.13  5.68  5.16  4.55  3.81  2.86  1.29  0.60  0.60  0.60  0.60  0.60  0.60  0.60  0.60  0.60  0.60  0.60  0.60  0.60  0.60  0.60  0.60
  0.60  0.60  0.60  0.60  0.60  0.60  0.60  0.60  0.60  0.60  0.60  0.60  0.60  0.60  0.60  0.60  0.60  1.41  2.91  3.86  4.59  5.20  5.71  6.16  6.54  6.87  7.15  7.38  7.57  7.72  7.82  7.88  7.90  7.88  7.82  7.72  7.57  7.38  7.15  6.87  6.54  6.16  5.71  5.20  4.59  3.86  2.91  1.41  0.60  0.60  0.60  0.60  0.60  0.60  0.60  0.60  0.60  0.60  0.60  0.60  0.60  0.60  0.60  0.60
  0.60  0.60  0.60  0.60  0.60  0.60  0.60  0.60  0.60  0.60  0.60  0.60  0.60  0.60  0.60  0.60  0.60  1.52  2.97  3.90  4.63  5.23  5.75  6.19  6.57  6.90  7.18  7.41  7.60  7.74  7.84  7.91  7.93  7.91  7.84  7.74  7.60  7.41  7.18  6.90  6.57  6.19  5.75  5.23  4.63  3.90  2.97  1.52  0.60  0.60  0.60  0.60  0.60  0.60  0.60  0.60  0.60  0.60  0.60  0.60  0.60  0.60  0.60  0.60
  0.60  0.60  0.60  0.60  0.60  0.60  0.60  0.60  0.60  0.60  0.60  0.60  0.60  0.60  0.60  0.60  0.60  1.63  3.03  3.95  4.67  5.27  5.78  6.22  6.60  6.93  7.20  7.44  7.62  7.77  7.87  7.93  7.95  7.93  7.87  7.77  7.62  7.44  7.20  6.93  6.60  6.22  5.78  5.27  4.67  3.95  3.03  1.63  0.60  0.60  0.60  0.60  0.60  0.60  0.60  0.60  0.60  0.60  0.60  0.60  0.60  0.60  0.60  0.60
  0.60  0.60  0.60  0.60  0.60  0.60  0.60  0.60  0.60  0.60  0.60  0.60  0.60  0.60  0.60  0.60  0.60  1.73  3.08  3.99  4.70  5.30  5.81  6.25  6.63  6.95  7.23  7.46  7.65  7.79  7.89  7.96  7.98  7.96  7.89  7.79  7.65  7.46  7.23  6.95  6.63  6.25  5.81  5.30  4.70  3.99  3.09  1.73  0.60  0.60  0.60  0.60  0.60  0.60  0.60  0.60  0.60  0.60  0.60  0.60  0.60  0.60  0.60  0.60
  0.60  0.60  0.60  0.60  0.60  0.60  0.60  0.60  0.60  0.60  0.60  0.60  0.60  0.60  0.60  0.60  0.60  1.82  3.14  4.03  4.74  5.33  5.84  6.28  6.66  6.98  7.26  7.49  7.67  7.82  7.92  7.98  8.00  7.98  7.92  7.82  7.67  7.49  7.26  6.98  6.66  6.28  5.84  5.33  4.74  4.03  3.14  1.82  0.60  0.60  0.60  0.60  0.60  0.60  0.60  0.60  0.60  0.60  0.60  0.60  0.60  0.60  0.60  0.60
  0.60  0.60  0.60  0.60  0.60  0.60  0.60  0.60  0.60  0.60  0.60  0.60  0.60  0.60  0.60  0.60  0.60  1.91  3.19  4.07  4.78  5.37  5.87  6.31  6.68  7.01  7.28  7.51  7.70  7.84  7.94  8.00  8.02  8.00  7.94  7.84  7.70  7.51  7.28  7.01  6.68  6.31  5.87  5.37  4.78  4.07  3.19  1.91  0.60  0.60  0.60  0.60  0.60  0.60  0.60  0.60  0.60  0.60  0.60  0.60  0.60  0.60  0.60  0.60
  0.60  0.60  0.60  0.60  0.60  0.60  0.60  0.60  0.60  0.60  0.60  0.60  0.60  0.60  0.60  0.60  0.60  2.00  3.25  4.12  4.81  5.40  5.90  6.33  6.71  7.03  7.31  7.54  7.72  7.87  7.97  8.03  8.05  8.03  7.97  7.87  7.72  7.54  7.31  7.03  6.71  6.33  5.90  5.40  4.81  4.12  3.25  2.00  0.60  0.60  0.60  0.60  0.60  0.60  0.60  0.60  0.60  0.60  0.60  0.60  0.60  0.60  0.60  0.60
  0.60  0.60  0.60  0.60  0.60  0.60  0.60  0.60  0.60  0.60  0.60  0.60  0.60  0.60  0.60  0.60  0.60  2.08  3.30  4.16  4.85  5.43  5.93  6.36  6.74  7.06  7.33  7.56  7.75  7.89  7.99  8.05  8.07  8.05  7.99  7.89  7.75  7.56  7.33  7.06  6.74  6.36  5.93  5.43  4.85  4.16  3.30  2.08  0.60  0.60  0.60  0.60  0.60  0.60  0.60  0.60  0.60  0.60  0.60  0.60  0.60  0.60  0.60  0.60
  0.60  0.60  0.60  0.60  0.60  0.60  0.60  0.60  0.60  0.60  0.60  0.60  0.60  0.60  0.60  0.60  0.60  2.16  3.35  4.20  4.88  5.46  5.96  6.39  6.76  7.08  7.36  7.59  7.77  7.91  8.01  8.07  8.09  8.07  8.01  7.91  7.77  7.59  7.36  7.08  6.76  6.39  5.96  5.46  4.88  4.20  3.35  2.16  0.60  0.60  0.60  0.60  0.60  0.60  0.60  0.60  0.60  0.60  0.60  0.60  0.60  0.60  0.60  0.60
  0.60  0.60  0.60  0.60  0.60  0.60  0.60  0.60  0.60  0.60  0.60  0.60  0.60  0.60  0.60  0.60  0.60  2.23  3.40  4.24  4.92  5.49  5.99  6.42  6.79  7.11  7.38  7.61  7.79  7.93  8.04  8.10  8.12  8.10  8.04  7.93  7.79  7.61  7.38  7.11  6.79  6.42  5.99  5.49  4.92  4.24  3.40  2.24  0.60  0.60  0.60  0.60  0.60  0.60  0.60  0.60  0.60  0.60  0.60  0.60  0.60  0.60  0.60  0.60
  0.60  0.60  0.60  0.60  0.60  0.60  0.60  0.60  0.60  0.60  0.60  0.60  0.60  0.60  0.60  0.60  0.60  2.31  3.45  4.28  4.95  5.53  6.02  6.45  6.82  7.13  7.41  7.63  7.82  7.96  8.06  8.12  8.14  8.12  8.06  7.96  7.82  7.63  7.41  7.13  6.82  6.45  6.02  5.53  4.95  4.28  3.45  2.31  0.60  0.60  0.60  0.60  0.60  0.60  0.60  0.60  0.60  0.60  0.60  0.60  0.60  0.60  0.60  0.60
  0.60  0.60  0.60  0.60  0.60  0.60  0.60  0.60  0.60  0.60  0.60  0.60  0.60  0.60  0.60  0.60  0.60  2.38  3.49  4.32  4.99  5.56  6.05  6.47  6.84  7.16  7.43  7.66  7.84  7.98  8.08  8.14  8.16  8.14  8.08  7.98  7.84  7.66  7.43  7.16  6.84  6.47  6.05  5.56  4.99  4.32  3.50  2.38  0.60  0.60  0.60  0.60  0.60  0.60  0.60  0.60  0.60  0.60  0.60  0.60  0.60  0.60  0.60  0.60
  0.60  0.60  0.60  0.60  0.60  0.60  0.60  0.60  0.60  0.60  0.60  0.60  0.60  0.60  0.60  0.60  0.60  2.45  3.54  4.36  5.02  5.59  6.07  6.50  6.87  7.18  7.45  7.68  7.86  8.00  8.10  8.16  8.18  8.16  8.10  8.00  7.86  7.68  7.45  7.18  6.87  6.50  6.07  5.59  5.02  4.36  3.54  2.45  0.60  0.60  0.60  0.60  0.60  0.60  0.60  0.60  0.60  0.60  0.60  0.60  0.60  0.60  0.60  0.60
  0.60  0.60  0.60  0.60  0.60  0.60  0.60  0.60  0.60  0.60  0.60  0.60  0.60  0.60  0.60  0.60  0.60  2.51  3.59  4.39  5.06  5.62  6.10  6.52  6.89  7.21  7.48  7.70  7.88  8.02  8.12  8.18  8.20  8.18  8.12  8.02  7.88  7.70  7.48  7.21  6.89  6.52  6.10  5.62  5.06  4.39  3.59  2.51  0.60  0.60  0.60  0.60  0.60  0.60  0.60  0.60  0.60  0.60  0.60  0.60  0.60  0.60  0.60  0.60
  0.60  0.60  0.60  0.60  0.60  0.60  0.60  0.60  0.60  0.60  0.60  0.60  0.60  0.60  0.60  0.60  0.60  2.58  3.63  4.43  5.09  5.65  6.13  6.55  6.91  7.23  7.50  7.72  7.90  8.04  8.14  8.20  8.22  8.20  8.14  8.04  7.90  7.72  7.50  7.23  6.91  6.55  6.13  5.65  5.09  4.43  3.63  2.58  0.60  0.60  0.60  0.60  0.60  0.60  0.60  0.60  0.60  0.60  0.60  0.60  0.60  0.60  0.60  0.60
  0.00  0.00  0.00  0.00  0.00  0.00  0.00  0.00  0.00  0.00  0.00  0.00  0.00  0.00  0.00  0.00  0.00  2.57  3.63  4.43  5.09  5.64  6.13  6.55  6.91  7.23  7.50  7.72  7.90  8.04  8.14  8.20  8.22  8.20  8.14  8.04  7.90  7.72  7.50  7.23  6.91  6.55  6.13  5.64  5.09  4.43  3.63  2.57  0.00  0.00  0.00  0.00  0.00  0.00  0.00  0.00  0.00  0.00  0.00  0.00  0.00  0.00  0.00  0.00
