  0.60  0.60  0.60  0.60  0.60  0.60  0.60  0.60  0.60  0.60  0.60  0.60  0.60  0.60  0.60  0.60  0.60  0.60  0.60  0.60  0.60  0.60  0.60  0.60  0.60  0.60  0.60  0.60  0.60  0.60  0.60  0.60  0.60  0.60  0.60  0.60  0.60  0.60  0.60  0.60  0.60  0.60  0.60  0.60  0.60  0.60  0.60  0.60  0.60  0.60  0.60  0.60  0.60  0.60  0.60  0.60  0.60  0.60  0.60  0.60  0.60  0.60  0.60  0.60
  0.60  0.60  0.60  0.60  0.60  0.60  0.60  0.60  0.60  0.60  0.60  0.60  0.60  0.60  0.60  0.60  0.60  0.60  0.60  0.60  0.60  0.60  0.60  0.60  0.60  0.60  0.60  0.60  0.60  0.60  0.60  0.60  0.60  0.60  0.60  0.60  0.60  0.60  0.60  0.60  0.60  0.60  0.60  0.60  0.60  0.60  0.60  0.60  0.60  0.60  0.60  0.60  0.60  0.60  0.60  0.60  0.60  0.60  0.60  0.60  0.60  0.60  0.60  0.60
  0.60  0.60  0.60  0.60  0.60  0.60  0.60  0.60  0.60  0.60  0.60  0.60  0.60  0.60  0.60  0.60  0.60  0.60  0.60  0.60  0.60  0.60  0.60  0.60  0.60  0.60  0.60  0.60  0.60  0.60  0.60  0.60  0.60  0.60  0.60  0.60  0.60  0.60  0.60  0.60  0.60  0.60  0.60  0.60  0.60  0.60  0.60  0.60  0.60  0.60  0.60  0.60  0.60  0.60  0.60  0.60  0.60  0.60  0.60  0.60  0.60  0.60  0.60  0.60
  0.60  0.60  0.60  0.60  0.60  0.60  0.60  0.60  0.60  0.60  0.60  0.60  0.60  0.60  0.60  0.60  0.60  0.60  0.60  0.60  0.60  0.60  0.60  0.60  0.60  0.60  0.60  0.60  0.60  0.60  0.60  0.60  0.60  0.60  0.60  0.60  0.60  0.60  0.60  0.60  0.60  0.60  0.60  0.60  0.60  0.60  0.60  0.60  0.60  0.60  0.60  0.60  0.60  0.60  0.60  0.60  0.60  0.60  0.60  0.60  0.60  0.60  0.60  0.60
  0.60  0.60  0.60  0.60  0.60  0.60  0.60  0.60  0.60  0.60  0.60  0.60  0.60  0.60  0.60  0.60  0.60  0.60  0.60  0.60  0.60  0.60  0.60  0.60  0.60  0.60  0.60  0.60  0.60  0.60  0.60  0.60  0.60  0.60  0.60  0.60  0.60  0.60  0.60  0.60  0.60  0.60  0.60  0.60  0.60  0.60  0.60  0.60  0.60  0.60  0.60  0.60  0.60  0.60  0.60  0.60  0.60  0.60  0.60  0.60  0.60  0.60  0.60  0.60
  0.60  0.60  0.60  0.60  0.60  0.60  0.60  0.60  0.60  0.60  0.60  0.60  0.60  0.60  0.60  0.60  0.60  0.60  0.60  0.60  0.60  0.60  0.60  0.60  0.60  0.60  0.60  0.60  0.60  0.60  0.60  0.60  0.60  0.60  0.60  0.60  0.60  0.60  0.60  0.60  0.60  0.60  0.60  0.60  0.60  0.60  0.60  0.60  0.60  0.60  0.60  0.60  0.60  0.60  0.60  0.60  0.60  0.60  0.60  0.60  0.60  0.60  0.60  0.60
  0.60  0.60  0.60  0.60  0.60  0.60  0.60  0.60  0.60  0.60  0.60  0.60  0.60  0.60  0.60  0.60  0.60  0.60  0.60  0.60  0.60  0.60  0.60  0.60  0.60  0.60  0.60  0.60  0.60  0.60  0.60  0.60  0.60  0.60  0.60  0.60  0.60  0.60  0.60  0.60  0.60  0.60  0.60  0.60  0.60  0.60  0.60  0.60  0.60  0.60  0.60  0.60  0.60  0.60  0.60  0.60  0.60  0.60  0.60  0.60  0.60  0.60  0.60  0.60
  0.60  0.60  0.60  0.60  0.60  0.60  0.60  0.60  0.60  0.60  0.60  0.60  0.60  0.60  0.60  0.60  0.60  0.60  0.60  0.60  0.60  0.60  0.60  0.60  0.60  0.60  0.60  0.60  0.60  0.60  0.60  0.60  0.60  0.60  0.60  0.60  0.60  0.60  0.60  0.60  0.60  0.60  0.60  0.60  0.60  0.60  0.60  0.60  0.60  0.60  0.60  0.60  0.60  0.60  0.60  0.60  0.60  0.60  0.60  0.60  0.60  0.60  0.60  0.60
  0.60  0.60  0.60  0.60  0.60  0.60  0.60  0.60  0.60  0.60  0.60  0.60  0.60  0.60  0.60  0.60  0.60  0.60  0.60  0.60  0.60  0.60  0.60  0.60  0.60  0.60  0.60  0.60  0.60  0.60  0.60  0.60  0.60  0.60  0.60  0.60  0.60  0.60  0.60  0.60  0.60  0.60  0.60  0.60  0.60  0.60  0.60  0.60  0.60  0.60  0.60  0.60  0.60  0.60  0.60  0.60  0.60  0.60  0.60  0.60  0.60  0.60  0.60  0.60
  0.60  0.60  0.60  0.60  0.60  0.60  0.60  0.60  0.60  0.60  0.60  0.60  0.60  0.60  0.60  0.60  0.60  0.60  0.60  0.60  0.60  0.60  0.60  0.60  0.60  0.60  0.60  0.60  0.60  0.60  0.60  0.60  0.60  0.60  0.60  0.60  0.60  0.60  0.60  0.60  0.60  0.60  0.60  0.60  0.60  0.60  0.60  0.60  0.60  0.60  0.60  0.60  0.60  0.60  0.60  0.60  0.60  0.60  0.60  0.60  0.60  0.60  0.60  0.60
  0.60  0.60  0.60  0.60  0.60  0.60  0.60  0.60  0.60  0.60  0.60  0.60  0.60  0.60  0.60  0.60  0.60  0.60  0.60  0.60  0.60  0.60  0.60  0.60  0.60  0.60  0.60  0.60  0.60  0.60  0.60  0.60  0.60  0.60  0.60  0.60  0.60  0.60  0.60  0.60  0.60  0.60  0.60  0.60  0.60  0.60  0.60  0.60  0.60  0.60  0.60  0.60  0.60  0.60  0.60  0.60  0.60  0.60  0.60  0.60  0.60  0.60  0.60  0.60
  0.60  0.60  0.60  0.60  0.60  0.60  0.60  0.60  0.60  0.60  0.60  0.60  0.60  0.60  0.60  0.60  0.60  0.60  0.60  0.60  0.60  0.60  0.60  0.60  0.60  0.60  0.60  0.60  0.60  0.60  0.60  0.60  0.60  0.60  0.60  0.60  0.60  0.60  0.60  0.60  0.60  0.60  0.60  0.60  0.60  0.60  0.60  0.60  0.60  0.60  0.60  0.60  0.60  0.60  0.60  0.60  0.60  0.60  0.60  0.60  0.60  0.60  0.60  0.60
  0.60  0.60  0.60  0.60  0.60  0.60  0.60  0.60  0.60  0.60  0.60  0.60  0.60  0.60  0.60  0.60  0.60  0.60  0.60  0.60  0.60  0.60  0.60  0.60  0.60  0.60  0.60  0.60  0.60  0.60  0.60  0.60  0.60  0.60  0.60  0.60  0.60  0.60  0.60  0.60  0.60  0.60  0.60  0.60  0.60  0.60  0.60  0.60  0.60  0.60  0.60  0.60  0.60  0.60  0.60  0.60  0.60  0.60  0.60  0.60  0.60  0.60  0.60  0.60
  0.60  0.60  0.60  0.60  0.60  0.60  0.60  0.60  0.60  0.60  0.60  0.60  0.60  0.60  0.60  0.60  0.60  0.60  0.60  0.60  0.60  0.60  0.60  0.60  0.60  0.60  0.60  0.60  0.60  0.60  0.60  0.60  0.60  0.60  0.60  0.60  0.60  0.60  0.60  0.60  0.60  0.60  0.60  0.60  0.60  0.60  0.60  0.60  0.60  0.60  0.60  0.60  0.60  0.60  0.60  0.60  0.60  0.60  0.60  0.60  0.60  0.60  0.60  0.60
  0.60  0.60  0.60  0.60  0.60  0.60  0.60  0.60  0.60  0.60  0.60  0.60  0.60  0.60  0.60  0.60  0.60  0.60  0.60  0.60  0.60  0.60  0.60  0.60  0.60  0.60  0.60  0.60  0.60  0.60  0.60  0.60  0.60  0.60  0.60  0.60  0.60  0.60  0.60  0.60  0.60  0.60  0.60  0.60  0.60  0.60  0.60  0.60  0.60  0.60  0.60  0.60  0.60  0.60  0.60  0.60  0.60  0.60  0.60  0.60  0.60  0.60  0.60  0.60
  0.60  0.60  0.60  0.60  0.60  0.60  0.60  0.60  0.60  0.60  0.60  0.60  0.60  0.60  0.60  0.60  0.60  0.60  0.60  0.60  0.60  0.60  0.60  0.60  0.60  0.60  0.60  0.60  0.60  0.60  0.60  0.60  0.60  0.60  0.60  0.60  0.60  0.60  0.60  0.60  0.60  0.60  0.60  0.60  0.60  0.60  0.60  0.60  0.60  0.60  0.60  0.60  0.60  0.60  0.60  0.60  0.60  0.60  0.60  0.60  0.60  0.60  0.60  0.60
  0.60  0.60  0.60  0.60  0.60  0.60  0.60  0.60  0.60  0.60  0.60  0.60  0.60  0.60  0.60  0.60  0.60  0.60  0.60  0.60  0.60  0.60  0.60  0.60  0.60  0.60  0.60  0.60  0.60  0.60  0.60  0.60  0.60  0.60  0.60  0.60  0.60  0.60  0.60  0.60  0.60  0.60  0.60  0.60  0.60  0.60  0.60  0.60  0.60  0.60  0.60  0.60  0.60  0.60  0.60  0.60  0.60  0.60  0.60  0.60  0.60  0.60  0.60  0.60
  0.60  0.60  0.60  0.60  0.60  0.60  0.60  0.60  0.60  0.60  0.60  0.60  0.60  0.60  0.60  0.60  0.60  0.60  0.60  0.60  0.60  0.60  0.60  0.60  0.60  0.60  0.60  0.60  0.60  0.60  0.60  0.60  0.60  0.60  0.60  0.60  0.60  0.60  0.60  0.60  0.60  0.60  0.60  0.60  0.60  0.60  0.60  0.60  0.60  0.60  0.60  0.60  0.60  0.60  0.60  0.60  0.60  0.60  0.60  0.60  0.60  0.60  0.60  0.60
  0.60  0.60  0.60  0.60  0.60  0.60  0.60  0.60  0.60  0.60  0.60  0.60  0.60  0.60  0.60  0.60  0.60  0.60  0.60  0.60  0.60  0.60  0.60  0.60  0.60  0.61  0.61  0.60  0.60  0.60  0.60  0.60  0.60  0.60  0.60  0.60  0.60  0.60  0.60  0.60  0.60  0.60  0.60  0.60  0.60  0.60  0.60  0.60  0.60  0.60  0.60  0.60  0.60  0.60  0.60  0.60  0.60  0.60  0.60  0.60  0.60  0.60  0.60  0.60
  0.60  0.60  0.60  0.60  0.60  0.60  0.60  0.60  0.60  0.60  0.60  0.60  0.60  0.60  0.60  0.60  0.60  0.60  0.60  0.60  0.60  0.60  0.60  0.60  0.60  0.64  0.64  0.61  0.61  0.61  0.61  0.62  0.61  0.60  0.60  0.60  0.60  0.60  0.60  0.60  0.60  0.60  0.61  0.62  0.62  0.60  0.60  0.60  0.60  0.60  0.60  0.60  0.60  0.60  0.60  0.60  0.60  0.60  0.60  0.60  0.60  0.60  0.60  0.60
  0.60  0.60  0.60  0.60  0.60  0.60  0.60  0.60  0.60  0.60  0.60  0.60  0.60  0.60  0.60  0.60  0.60  0.60  0.60  0.60  0.60  0.60  0.60  0.60  0.62  0.68  0.68  0.64  0.63  0.63  0.64  0.65  0.64  0.61  0.60  0.60  0.60  0.60  0.60  0.61  0.62  0.63  0.66  0.68  0.67  0.64  0.63  0.60  0.60  0.60  0.60  0.62  0.62  0.61  0.60  0.60  0.60  0.60  0.60  0.60  0.60  0.60  0.60  0.60
  0.60  0.60  0.60  0.60  0.60  0.60  0.60  0.60  0.60  0.60  0.60  0.60  0.60  0.63  0.62  0.60  0.60  0.60  0.60  0.60  0.60  0.60  0.60  0.61  0.65  0.73  0.73  0.69  0.67  0.67  0.69  0.70  0.68  0.65  0.62  0.62  0.62  0.62  0.63  0.64  0.67  0.71  0.74  0.78  0.77  0.74  0.69  0.65  0.64  0.64  0.64  0.67  0.67  0.64  0.61  0.60  0.60  0.60  0.60  0.60  0.60  0.60  0.60  0.60
  0.63  0.60  0.60  0.60  0.60  0.60  0.60  0.60  0.60  0.60  0.60  0.60  0.65  0.70  0.69  0.65  0.64  0.62  0.61  0.60  0.60  0.60  0.60  0.62  0.69  0.80  0.81  0.76  0.72  0.73  0.75  0.77  0.75  0.71  0.67  0.66  0.67  0.68  0.69  0.71  0.76  0.83  0.87  0.93  0.93  0.90  0.81  0.75  0.72  0.72  0.74  0.75  0.76  0.71  0.65  0.60  0.60  0.60  0.60  0.60  0.60  0.60  0.60  0.61
  0.69  0.63  0.60  0.60  0.60  0.60  0.60  0.60  0.60  0.60  0.60  0.65  0.75  0.81  0.80  0.76  0.72  0.69  0.66  0.64  0.63  0.62  0.63  0.66  0.77  0.89  0.89  0.84  0.80  0.80  0.82  0.85  0.84  0.80  0.76  0.74  0.75  0.77  0.80  0.81  0.90  1.01  1.07  1.15  1.15  1.12  0.99  0.92  0.86  0.85  0.88  0.89  0.91  0.82  0.73  0.64  0.60  0.60  0.60  0.60  0.60  0.60  0.61  0.66
  0.79  0.69  0.60  0.60  0.60  0.60  0.60  0.60  0.60  0.60  0.64  0.76  0.92  0.99  0.97  0.94  0.87  0.81  0.75  0.74  0.70  0.67  0.68  0.72  0.87  1.00  1.00  0.94  0.90  0.90  0.91  0.94  0.95  0.91  0.87  0.84  0.86  0.89  0.94  0.97  1.08  1.23  1.34  1.45  1.46  1.40  1.24  1.15  1.06  1.05  1.08  1.09  1.10  1.00  0.87  0.75  0.64  0.60  0.60  0.60  0.60  0.60  0.64  0.73
  0.93  0.80  0.63  0.60  0.60  0.60  0.60  0.60  0.60  0.63  0.73  0.93  1.14  1.23  1.21  1.17  1.08  0.99  0.91  0.90  0.82  0.77  0.77  0.82  1.00  1.10  1.10  1.05  1.02  1.01  1.00  1.03  1.09  1.06  1.01  0.98  1.01  1.06  1.12  1.18  1.32  1.50  1.68  1.81  1.84  1.74  1.57  1.44  1.33  1.30  1.34  1.36  1.37  1.26  1.06  0.90  0.74  0.65  0.62  0.60  0.62  0.64  0.71  0.84
  1.11  0.94  0.69  0.60  0.60  0.60  0.60  0.60  0.60  0.70  0.89  1.17  1.43  1.55  1.54  1.48  1.37  1.27  1.16  1.12  0.99  0.90  0.90  0.96  1.12  1.20  1.20  1.16  1.13  1.10  1.07  1.09  1.19  1.23  1.18  1.16  1.20  1.26  1.34  1.45  1.62  1.82  2.02  2.17  2.21  2.14  1.97  1.79  1.66  1.61  1.64  1.69  1.69  1.58  1.34  1.12  0.90  0.75  0.68  0.65  0.67  0.73  0.82  1.01
  1.33  1.13  0.80  0.63  0.60  0.60  0.60  0.60  0.67  0.83  1.12  1.48  1.77  1.93  1.93  1.84  1.74  1.64  1.52  1.41  1.22  1.09  1.06  1.13  1.25  1.30  1.29  1.26  1.22  1.16  1.10  1.13  1.26  1.38  1.38  1.38  1.42  1.49  1.59  1.72  1.91  2.13  2.36  2.53  2.59  2.53  2.37  2.18  2.04  1.98  1.99  2.02  2.01  1.91  1.69  1.39  1.12  0.93  0.79  0.77  0.77  0.88  1.00  1.24
  1.58  1.36  0.96  0.70  0.62  0.60  0.62  0.66  0.82  1.04  1.43  1.85  2.16  2.31  2.32  2.26  2.18  2.10  1.97  1.77  1.53  1.34  1.26  1.30  1.37  1.40  1.39  1.35  1.29  1.19  1.12  1.14  1.30  1.50  1.57  1.58  1.64  1.72  1.84  2.00  2.20  2.45  2.69  2.89  2.97  2.92  2.77  2.58  2.43  2.35  2.34  2.35  2.33  2.24  2.03  1.72  1.40  1.16  0.98  0.96  0.94  1.08  1.24  1.51
  1.84  1.62  1.16  0.82  0.68  0.65  0.68  0.81  1.05  1.35  1.83  2.27  2.55  2.69  2.71  2.68  2.62  2.55  2.41  2.18  1.89  1.63  1.49  1.46  1.49  1.50  1.47  1.42  1.33  1.20  1.11  1.14  1.32  1.59  1.74  1.79  1.86  1.96  2.09  2.27  2.49  2.76  3.03  3.25  3.35  3.31  3.17  2.98  2.81  2.72  2.68  2.68  2.66  2.57  2.38  2.10  1.76  1.47  1.24  1.21  1.18  1.34  1.56  1.79
  2.10  1.89  1.42  1.00  0.79  0.77  0.81  1.04  1.37  1.77  2.30  2.69  2.94  3.07  3.10  3.09  3.06  2.99  2.84  2.57  2.23  1.92  1.71  1.62  1.61  1.59  1.55  1.48  1.35  1.19  1.09  1.13  1.32  1.64  1.88  1.99  2.07  2.19  2.34  2.53  2.78  3.08  3.37  3.60  3.72  3.70  3.57  3.38  3.20  3.08  3.03  3.01  2.98  2.89  2.73  2.48  2.17  1.85  1.60  1.53  1.51  1.66  1.88  2.06
  2.35  2.15  1.73  1.24  0.97  0.97  1.01  1.35  1.77  2.29  2.76  3.11  3.33  3.44  3.49  3.50  3.49  3.42  3.25  2.95  2.56  2.19  1.92  1.78  1.71  1.67  1.61  1.51  1.35  1.17  1.07  1.11  1.31  1.66  2.00  2.17  2.29  2.42  2.59  2.80  3.08  3.39  3.70  3.96  4.10  4.09  3.96  3.77  3.59  3.45  3.38  3.34  3.30  3.22  3.07  2.85  2.58  2.29  2.05  1.92  1.92  2.03  2.19  2.34
  2.61  2.42  2.03  1.55  1.23  1.24  1.33  1.75  2.26  2.80  3.23  3.53  3.72  3.82  3.87  3.89  3.90  3.83  3.63  3.29  2.85  2.43  2.11  1.92  1.81  1.74  1.66  1.52  1.33  1.13  1.04  1.08  1.28  1.65  2.08  2.34  2.49  2.65  2.83  3.07  3.36  3.70  4.04  4.31  4.47  4.48  4.36  4.17  3.97  3.82  3.73  3.67  3.62  3.55  3.42  3.23  2.98  2.73  2.50  2.36  2.33  2.39  2.51  2.61
  2.87  2.69  2.34  1.92  1.59  1.59  1.76  2.25  2.81  3.32  3.69  3.94  4.10  4.19  4.24  4.28  4.29  4.20  3.97  3.57  3.10  2.64  2.27  2.04  1.90  1.79  1.68  1.52  1.29  1.09  1.00  1.05  1.25  1.63  2.12  2.49  2.69  2.87  3.08  3.34  3.65  4.01  4.37  4.66  4.84  4.87  4.76  4.56  4.36  4.19  4.07  4.00  3.94  3.87  3.77  3.60  3.39  3.16  2.95  2.80  2.74  2.76  2.83  2.89
  3.12  2.95  2.65  2.28  2.03  2.02  2.31  2.81  3.36  3.83  4.15  4.36  4.48  4.55  4.60  4.65  4.65  4.53  4.24  3.80  3.29  2.80  2.40  2.13  1.96  1.83  1.69  1.49  1.25  1.05  0.97  1.02  1.22  1.59  2.13  2.60  2.87  3.09  3.32  3.60  3.93  4.31  4.69  5.01  5.21  5.25  5.15  4.96  4.74  4.55  4.42  4.33  4.26  4.20  4.11  3.98  3.80  3.60  3.40  3.24  3.15  3.12  3.14  3.17
  3.38  3.22  2.95  2.65  2.47  2.53  2.86  3.38  3.91  4.34  4.61  4.76  4.84  4.90  4.95  4.98  4.96  4.79  4.43  3.94  3.40  2.90  2.49  2.20  2.00  1.84  1.67  1.45  1.20  1.00  0.93  0.99  1.18  1.54  2.09  2.67  3.03  3.29  3.55  3.85  4.21  4.60  5.00  5.35  5.57  5.63  5.54  5.35  5.12  4.92  4.76  4.66  4.58  4.53  4.46  4.36  4.21  4.04  3.85  3.68  3.56  3.49  3.46  3.44
  3.64  3.49  3.26  3.02  2.91  3.03  3.41  3.94  4.46  4.84  5.05  5.15  5.19  5.23  5.26  5.28  5.20  4.96  4.53  4.00  3.45  2.95  2.53  2.23  2.01  1.84  1.65  1.40  1.14  0.95  0.89  0.96  1.15  1.48  2.03  2.69  3.16  3.48  3.77  4.10  4.47  4.89  5.30  5.67  5.92  6.00  5.93  5.74  5.50  5.28  5.11  4.99  4.90  4.85  4.80  4.73  4.62  4.47  4.30  4.12  3.97  3.85  3.78  3.72
  3.89  3.75  3.56  3.39  3.34  3.53  3.96  4.50  4.99  5.32  5.48  5.52  5.52  5.53  5.53  5.51  5.36  5.03  4.54  3.97  3.42  2.93  2.53  2.23  2.00  1.81  1.60  1.35  1.09  0.90  0.85  0.93  1.11  1.42  1.96  2.66  3.25  3.64  3.97  4.32  4.72  5.15  5.58  5.97  6.24  6.36  6.30  6.12  5.88  5.65  5.45  5.31  5.22  5.18  5.15  5.10  5.03  4.91  4.74  4.56  4.38  4.22  4.09  3.99
  4.15  4.02  3.87  3.75  3.78  4.04  4.50  5.05  5.51  5.79  5.88  5.86  5.82  5.78  5.75  5.66  5.43  5.01  4.46  3.87  3.32  2.86  2.49  2.20  1.97  1.78  1.56  1.29  1.03  0.85  0.86  1.11  1.30  1.51  1.89  2.59  3.28  3.76  4.15  4.53  4.94  5.38  5.82  6.23  6.54  6.70  6.67  6.50  6.26  6.01  5.79  5.64  5.54  5.50  5.49  5.48  5.43  5.34  5.19  5.00  4.79  4.58  4.41  4.27
  4.40  4.28  4.17  4.12  4.22  4.53  5.03  5.58  6.01  6.23  6.25  6.16  6.06  5.98  5.89  5.72  5.40  4.91  4.31  3.71  3.18  2.76  2.42  2.15  1.93  1.73  1.50  1.23  0.97  0.90  1.16  1.36  1.51  1.67  1.97  2.52  3.25  3.84  4.28  4.69  5.12  5.56  6.02  6.45  6.80  7.00  7.01  6.86  6.62  6.36  6.13  5.96  5.85  5.82  5.83  5.85  5.84  5.77  5.63  5.44  5.20  4.94  4.72  4.54
  4.66  4.55  4.47  4.48  4.65  5.03  5.56  6.10  6.48  6.61  6.55  6.39  6.23  6.09  5.94  5.69  5.29  4.74  4.10  3.51  3.01  2.63  2.32  2.08  1.87  1.68  1.45  1.17  0.91  1.17  1.40  1.57  1.70  1.82  2.05  2.52  3.17  3.85  4.36  4.81  5.24  5.69  6.14  6.60  6.99  7.25  7.32  7.20  6.97  6.70  6.46  6.27  6.16  6.13  6.16  6.21  6.24  6.20  6.07  5.87  5.60  5.31  5.03  4.81
  4.91  4.81  4.77  4.84  5.08  5.51  6.07  6.59  6.89  6.93  6.77  6.54  6.32  6.12  5.90  5.59  5.12  4.51  3.86  3.28  2.82  2.47  2.21  2.00  1.81  1.62  1.39  1.11  1.16  1.40  1.60  1.76  1.87  1.96  2.12  2.52  3.14  3.79  4.37  4.85  5.29  5.73  6.19  6.66  7.11  7.44  7.58  7.51  7.30  7.03  6.78  6.58  6.46  6.44  6.49  6.57  6.63  6.62  6.51  6.29  6.00  5.66  5.34  5.09
  5.16  5.07  5.07  5.20  5.50  5.98  6.55  7.02  7.23  7.15  6.89  6.59  6.31  6.06  5.78  5.41  4.89  4.25  3.60  3.03  2.61  2.31  2.09  1.91  1.74  1.56  1.33  1.12  1.37  1.60  1.78  1.92  2.02  2.09  2.20  2.51  3.07  3.68  4.31  4.82  5.26  5.69  6.15  6.64  7.14  7.55  7.77  7.77  7.60  7.34  7.08  6.87  6.75  6.74  6.80  6.91  7.01  7.02  6.93  6.71  6.39  6.01  5.65  5.35
  5.41  5.33  5.37  5.55  5.91  6.43  6.99  7.39  7.47  7.25  6.89  6.52  6.20  5.92  5.60  5.19  4.63  3.97  3.32  2.78  2.39  2.14  1.97  1.82  1.67  1.50  1.27  1.31  1.55  1.78  1.95  2.08  2.17  2.21  2.28  2.51  2.99  3.59  4.16  4.70  5.14  5.56  6.02  6.54  7.08  7.56  7.88  7.96  7.84  7.61  7.35  7.14  7.02  7.01  7.10  7.24  7.37  7.41  7.33  7.11  6.77  6.36  5.95  5.62
  5.65  5.58  5.66  5.89  6.30  6.84  7.37  7.65  7.57  7.21  6.76  6.35  6.01  5.71  5.37  4.93  4.35  3.68  3.03  2.51  2.17  1.96  1.84  1.73  1.60  1.44  1.20  1.49  1.72  1.95  2.11  2.22  2.30  2.33  2.36  2.52  2.91  3.45  3.95  4.50  4.94  5.36  5.82  6.36  6.93  7.47  7.88  8.06  8.02  7.82  7.58  7.37  7.25  7.26  7.37  7.54  7.70  7.77  7.71  7.49  7.13  6.68  6.24  5.87
  5.88  5.82  5.93  6.22  6.67  7.21  7.65  7.78  7.52  7.03  6.52  6.09  5.75  5.45  5.11  4.65  4.05  3.38  2.74  2.24  1.94  1.79  1.70  1.63  1.53  1.37  1.36  1.64  1.89  2.10  2.26  2.36  2.43  2.44  2.44  2.53  2.83  3.30  3.76  4.24  4.67  5.09  5.56  6.12  6.72  7.30  7.78  8.06  8.10  7.96  7.75  7.55  7.44  7.46  7.59  7.79  7.99  8.09  8.05  7.83  7.46  6.98  6.51  6.12
  6.10  6.05  6.19  6.52  6.99  7.49  7.81  7.75  7.31  6.72  6.17  5.76  5.44  5.16  4.82  4.35  3.75  3.07  2.44  1.97  1.71  1.61  1.57  1.54  1.46  1.31  1.51  1.79  2.04  2.25  2.40  2.49  2.55  2.56  2.53  2.56  2.76  3.14  3.54  3.92  4.36  4.78  5.26  5.83  6.45  7.06  7.58  7.94  8.07  8.00  7.82  7.65  7.56  7.59  7.75  7.98  8.21  8.35  8.33  8.12  7.74  7.25  6.75  6.34
  6.29  6.25  6.42  6.77  7.24  7.67  7.83  7.55  6.96  6.30  5.76  5.38  5.10  4.85  4.51  4.05  3.44  2.75  2.14  1.70  1.48  1.42  1.44  1.44  1.38  1.25  1.65  1.93  2.18  2.39  2.53  2.62  2.67  2.66  2.62  2.60  2.71  2.99  3.32  3.58  4.01  4.43  4.94  5.52  6.15  6.76  7.30  7.71  7.91  7.91  7.79  7.65  7.58  7.63  7.81  8.08  8.34  8.51  8.52  8.33  7.95  7.46  6.95  6.53
  6.44  6.42  6.61  6.97  7.40  7.72  7.67  7.21  6.49  5.80  5.29  4.96  4.74  4.52  4.20  3.74  3.12  2.44  1.83  1.42  1.25  1.24  1.30  1.34  1.31  1.38  1.78  2.06  2.32  2.52  2.66  2.74  2.79  2.77  2.71  2.65  2.68  2.85  3.09  3.28  3.63  4.07  4.59  5.19  5.82  6.43  6.96  7.39  7.64  7.70  7.63  7.53  7.48  7.56  7.78  8.07  8.37  8.57  8.60  8.43  8.07  7.59  7.09  6.68
  6.54  6.53  6.74  7.08  7.45  7.60  7.36  6.73  5.94  5.26  4.79  4.53  4.36  4.18  3.89  3.42  2.80  2.12  1.53  1.18  1.05  1.06  1.17  1.24  1.23  1.52  1.91  2.19  2.45  2.65  2.78  2.86  2.90  2.88  2.81  2.72  2.67  2.74  2.88  3.00  3.24  3.69  4.23  4.85  5.48  6.07  6.58  7.00  7.27  7.37  7.34  7.28  7.27  7.38  7.62  7.94  8.27  8.50  8.56  8.41  8.08  7.62  7.15  6.76
  6.56  6.57  6.77  7.09  7.34  7.33  6.90  6.15  5.33  4.67  4.27  4.08  3.98  3.84  3.57  3.11  2.49  1.81  1.23  0.98  0.89  0.91  1.03  1.15  1.16  1.64  2.02  2.32  2.58  2.77  2.90  2.97  3.01  2.98  2.91  2.80  2.70  2.66  2.70  2.73  2.84  3.30  3.87  4.50  5.13  5.70  6.17  6.56  6.82  6.93  6.94  6.90  6.92  7.07  7.34  7.70  8.06  8.31  8.39  8.26  7.95  7.53  7.10  6.75
  6.48  6.51  6.70  6.96  7.09  6.91  6.34  5.51  4.68  4.07  3.74  3.62  3.58  3.49  3.24  2.79  2.17  1.49  0.98  0.82  0.76  0.79  0.90  1.05  1.09  1.76  2.14  2.44  2.69  2.88  3.01  3.08  3.11  3.09  3.02  2.90  2.76  2.64  2.55  2.49  2.43  2.91  3.50  4.15  4.78  5.31  5.75  6.08  6.31  6.42  6.43  6.42  6.48  6.66  6.97  7.36  7.73  8.01  8.09  7.98  7.69  7.31  6.92  6.63
  6.28  6.34  6.51  6.69  6.70  6.38  5.69  4.81  4.00  3.45  3.19  3.16  3.19  3.14  2.92  2.47  1.85  1.22  0.82  0.71  0.68  0.70  0.79  0.95  1.26  1.88  2.25  2.56  2.81  2.99  3.12  3.19  3.22  3.19  3.12  3.00  2.84  2.67  2.49  2.30  2.16  2.52  3.13  3.79  4.42  4.93  5.31  5.59  5.77  5.85  5.86  5.87  5.95  6.17  6.51  6.93  7.33  7.61  7.70  7.59  7.32  6.96  6.63  6.39
  5.97  6.04  6.19  6.30  6.20  5.76  4.99  4.09  3.31  2.82  2.65  2.69  2.79  2.79  2.60  2.16  1.53  1.00  0.70  0.63  0.62  0.65  0.71  0.85  1.39  1.99  2.36  2.67  2.92  3.10  3.22  3.29  3.32  3.29  3.22  3.10  2.93  2.73  2.49  2.20  1.91  2.12  2.76  3.44  4.06  4.53  4.87  5.08  5.21  5.25  5.24  5.26  5.37  5.61  6.00  6.45  6.86  7.15  7.24  7.12  6.85  6.51  6.22  6.03
  5.55  5.64  5.75  5.79  5.60  5.07  4.26  3.35  2.61  2.18  2.09  2.22  2.39  2.44  2.27  1.84  1.25  0.83  0.64  0.60  0.60  0.61  0.65  0.77  1.52  2.09  2.47  2.78  3.02  3.20  3.32  3.39  3.42  3.39  3.32  3.20  3.03  2.80  2.53  2.19  1.78  1.73  2.38  3.08  3.69  4.14  4.42  4.57  4.63  4.62  4.59  4.61  4.74  5.02  5.44  5.92  6.36  6.64  6.72  6.59  6.31  5.99  5.72  5.57
  5.05  5.14  5.23  5.21  4.94  4.35  3.50  2.60  2.00  1.65  1.62  1.75  2.00  2.09  1.94  1.52  1.02  0.71  0.61  0.60  0.60  0.60  0.62  0.71  1.64  2.20  2.58  2.89  3.12  3.30  3.42  3.49  3.51  3.49  3.42  3.30  3.12  2.89  2.60  2.23  1.76  1.38  2.01  2.72  3.33  3.75  3.97  4.05  4.04  3.98  3.92  3.93  4.09  4.41  4.86  5.37  5.82  6.11  6.17  6.02  5.73  5.40  5.16  5.04
  4.48  4.57  4.64  4.57  4.24  3.59  2.73  1.96  1.50  1.25  1.25  1.37  1.60  1.74  1.62  1.24  0.85  0.63  0.60  0.60  0.60  0.60  0.61  0.66  1.76  2.30  2.69  2.99  3.22  3.40  3.51  3.58  3.61  3.58  3.51  3.40  3.22  2.99  2.69  2.31  1.80  1.11  1.63  2.36  2.96  3.35  3.52  3.52  3.44  3.32  3.23  3.24  3.42  3.77  4.27  4.81  5.27  5.55  5.60  5.42  5.11  4.79  4.55  4.45
  3.86  3.96  4.00  3.89  3.51  2.83  2.06  1.46  1.12  0.96  0.97  1.07  1.26  1.39  1.29  1.02  0.72  0.60  0.60  0.60  0.60  0.60  0.60  0.95  1.88  2.41  2.79  3.09  3.32  3.49  3.61  3.68  3.70  3.68  3.61  3.49  3.32  3.09  2.79  2.40  1.88  1.14  1.31  2.00  2.60  2.95  3.06  3.00  2.84  2.66  2.54  2.54  2.74  3.13  3.66  4.23  4.70  4.98  5.01  4.81  4.48  4.14  3.90  3.82
  3.22  3.31  3.33  3.18  2.76  2.16  1.53  1.08  0.85  0.76  0.77  0.86  1.01  1.11  1.03  0.84  0.64  0.60  0.60  0.60  0.60  0.60  0.60  1.16  1.99  2.51  2.89  3.18  3.41  3.58  3.70  3.76  3.79  3.76  3.70  3.58  3.41  3.18  2.89  2.50  1.99  1.23  1.05  1.64  2.23  2.56  2.61  2.47  2.24  2.00  1.94  1.94  2.05  2.48  3.05  3.65  4.13  4.40  4.41  4.19  3.83  3.48  3.24  3.17
  2.55  2.64  2.64  2.46  2.11  1.61  1.13  0.82  0.67  0.65  0.65  0.71  0.82  0.90  0.85  0.72  0.60  0.60  0.60  0.60  0.60  0.60  0.60  1.34  2.11  2.61  2.99  3.28  3.50  3.67  3.78  3.85  3.87  3.85  3.78  3.67  3.50  3.28  2.99  2.61  2.10  1.36  0.86  1.33  1.87  2.16  2.15  1.94  1.72  1.47  1.46  1.46  1.50  1.91  2.43  3.06  3.56  3.82  3.81  3.56  3.18  2.81  2.57  2.50
  1.97  2.04  2.04  1.85  1.58  1.19  0.85  0.67  0.60  0.60  0.60  0.63  0.70  0.76  0.72  0.63  0.60  0.60  0.60  0.60  0.60  0.60  0.60  1.50  2.22  2.71  3.08  3.37  3.59  3.75  3.87  3.94  3.96  3.94  3.87  3.75  3.59  3.37  3.08  2.71  2.22  1.50  0.72  1.07  1.50  1.76  1.70  1.50  1.32  1.10  1.09  1.09  1.11  1.45  1.89  2.47  2.98  3.24  3.21  2.93  2.52  2.14  1.98  1.92
  1.49  1.55  1.54  1.38  1.17  0.88  0.67  0.60  0.60  0.60  0.60  0.60  0.63  0.67  0.65  0.60  0.60  0.60  0.60  0.60  0.60  0.60  0.60  1.65  2.33  2.81  3.17  3.45  3.67  3.84  3.95  4.02  4.04  4.02  3.95  3.84  3.67  3.45  3.17  2.81  2.33  1.65  0.64  0.87  1.20  1.42  1.32  1.16  1.01  0.85  0.83  0.83  0.86  1.09  1.44  1.88  2.40  2.66  2.60  2.29  1.95  1.59  1.50  1.45
  1.12  1.16  1.15  1.04  0.87  0.68  0.60  0.60  0.60  0.60  0.60  0.60  0.60  0.62  0.61  0.60  0.60  0.60  0.60  0.60  0.60  0.60  0.60  1.78  2.43  2.90  3.26  3.54  3.76  3.92  4.03  4.10  4.12  4.10  4.03  3.92  3.76  3.54  3.26  2.90  2.43  1.78  0.60  0.73  0.97  1.13  1.04  0.91  0.79  0.70  0.67  0.67  0.70  0.83  1.09  1.41  1.83  2.07  1.99  1.75  1.48  1.19  1.12  1.09
  0.85  0.87  0.86  0.80  0.68  0.60  0.60  0.60  0.60  0.60  0.60  0.60  0.60  0.60  0.60  0.60  0.60  0.60  0.60  0.60  0.60  0.60  0.78  1.91  2.53  2.99  3.35  3.62  3.84  4.00  4.11  4.18  4.20  4.18  4.11  4.00  3.84  3.62  3.35  2.99  2.53  1.91  0.78  0.64  0.80  0.91  0.84  0.74  0.66  0.62  0.60  0.60  0.62  0.67  0.84  1.06  1.36  1.58  1.50  1.33  1.11  0.91  0.85  0.83
  0.68  0.68  0.68  0.66  0.60  0.60  0.60  0.60  0.60  0.60  0.60  0.60  0.60  0.60  0.60  0.60  0.60  0.60  0.60  0.60  0.60  0.60  1.01  2.02  2.63  3.08  3.43  3.70  3.92  4.08  4.19  4.26  4.28  4.26  4.19  4.08  3.92  3.70  3.43  3.08  2.63  2.02  1.01  0.60  0.69  0.75  0.71  0.64  0.60  0.60  0.60  0.60  0.60  0.60  0.67  0.84  1.04  1.21  1.13  1.01  0.84  0.73  0.68  0.67
  0.60  0.60  0.60  0.60  0.60  0.60  0.60  0.60  0.60  0.60  0.60  0.60  0.60  0.60  0.60  0.60  0.60  0.60  0.60  0.60  0.60  0.60  1.20  2.13  2.72  3.16  3.51  3.78  4.00  4.16  4.27  4.33  4.36  4.33  4.27  4.16  4.00  3.78  3.51  3.16  2.72  2.13  1.20  0.60  0.63  0.64  0.63  0.60  0.60  0.60  0.60  0.60  0.60  0.60  0.60  0.70  0.82  0.93  0.88  0.79  0.67  0.63  0.60  0.60
  0.60  0.60  0.60  0.60  0.60  0.60  0.60  0.60  0.60  0.60  0.60  0.60  0.60  0.60  0.60  0.60  0.60  0.60  0.60  0.60  0.60  0.60  1.36  2.24  2.81  3.25  3.59  3.86  4.07  4.23  4.34  4.41  4.43  4.41  4.34  4.23  4.07  3.86  3.59  3.25  2.81  2.24  1.36  0.60  0.60  0.60  0.60  0.60  0.60  0.60  0.60  0.60  0.60  0.60  0.60  0.62  0.69  0.75  0.72  0.66  0.60  0.60  0.60  0.60
  0.60  0.60  0.60  0.60  0.60  0.60  0.60  0.60  0.60  0.60  0.60  0.60  0.60  0.60  0.60  0.60  0.60  0.60  0.60  0.60  0.60  0.60  1.51  2.34  2.90  3.33  3.67  3.94  4.15  4.30  4.42  4.48  4.50  4.48  4.42  4.30  4.15  3.94  3.67  3.33  2.90  2.34  1.51  0.60  0.60  0.60  0.60  0.60  0.60  0.60  0.60  0.60  0.60  0.60  0.60  0.60  0.62  0.64  0.63  0.60  0.60  0.60  0.60  0.60
  0.60  0.60  0.60  0.60  0.60  0.60  0.60  0.60  0.60  0.60  0.60  0.60  0.60  0.60  0.60  0.60  0.60  0.60  0.60  0.60  0.60  0.60  1.64  2.43  2.98  3.41  3.74  4.01  4.22  4.38  4.49  4.55  4.57  4.55  4.49  4.38  4.22  4.01  3.74  3.41  2.98  2.43  1.64  0.60  0.60  0.60  0.60  0.60  0.60  0.60  0.60  0.60  0.60  0.60  0.60  0.60  0.60  0.60  0.60  0.60  0.60  0.60  0.60  0.60
  0.60  0.60  0.60  0.60  0.60  0.60  0.60  0.60  0.60  0.60  0.60  0.60  0.60  0.60  0.60  0.60  0.60  0.60  0.60  0.60  0.60  0.60  1.76  2.53  3.07  3.48  3.82  4.08  4.29  4.45  4.56  4.62  4.65  4.62  4.56  4.45  4.29  4.08  3.82  3.48  3.07  2.53  1.76  0.60  0.60  0.60  0.60  0.60  0.60  0.60  0.60  0.60  0.60  0.60  0.60  0.60  0.60  0.60  0.60  0.60  0.60  0.60  0.60  0.60
  0.60  0.60  0.60  0.60  0.60  0.60  0.60  0.60  0.60  0.60  0.60  0.60  0.60  0.60  0.60  0.60  0.60  0.60  0.60  0.60  0.60  0.60  1.88  2.61  3.15  3.56  3.89  4.15  4.36  4.52  4.63  4.69  4.71  4.69  4.63  4.52  4.36  4.15  3.89  3.56  3.15  2.61  1.88  0.60  0.60  0.60  0.60  0.60  0.60  0.60  0.60  0.60  0.60  0.60  0.60  0.60  0.60  0.60  0.60  0.60  0.60  0.60  0.60  0.60
  0.60  0.60  0.60  0.60  0.60  0.60  0.60  0.60  0.60  0.60  0.60  0.60  0.60  0.60  0.60  0.60  0.60  0.60  0.60  0.60  0.60  0.60  1.98  2.70  3.22  3.63  3.96  4.22  4.43  4.59  4.70  4.76  4.78  4.76  4.70  4.59  4.43  4.22  3.96  3.63  3.22  2.70  1.98  0.60  0.60  0.60  0.60  0.60  0.60  0.60  0.60  0.60  0.60  0.60  0.60  0.60  0.60  0.60  0.60  0.60  0.60  0.60  0.60  0.60
  0.60  0.60  0.60  0.60  0.60  0.60  0.60  0.60  0.60  0.60  0.60  0.60  0.60  0.60  0.60  0.60  0.60  0.60  0.60  0.60  0.60  0.85  2.09  2.78  3.30  3.71  4.03  4.29  4.50  4.65  4.76  4.83  4.85  4.83  4.76  4.65  4.50  4.29  4.03  3.71  3.30  2.78  2.09  0.85  0.60  0.60  0.60  0.60  0.60  0.60  0.60  0.60  0.60  0.60  0.60  0.60  0.60  0.60  0.60  0.60  0.60  0.60  0.60  0.60
  0.60  0.60  0.60  0.60  0.60  0.60  0.60  0.60  0.60  0.60  0.60  0.60  0.60  0.60  0.60  0.60  0.60  0.60  0.60  0.60  0.60  1.04  2.18  2.86  3.37  3.78  4.10  4.36  4.57  4.72  4.83  4.89  4.92  4.89  4.83  4.72  4.57  4.36  4.10  3.78  3.37  2.86  2.18  1.04  0.60  0.60  0.60  0.60  0.60  0.60  0.60  0.60  0.60  0.60  0.60  0.60  0.60  0.60  0.60  0.60  0.60  0.60  0.60  0.60
  0.60  0.60  0.60  0.60  0.60  0.60  0.60  0.60  0.60  0.60  0.60  0.60  0.60  0.60  0.60  0.60  0.60  0.60  0.60  0.60  0.60  1.21  2.28  2.94  3.45  3.84  4.17  4.43  4.63  4.79  4.89  4.96  4.98  4.96  4.89  4.79  4.63  4.43  4.17  3.84  3.45  2.94  2.28  1.21  0.60  0.60  0.60  0.60  0.60  0.60  0.60  0.60  0.60  0.60  0.60  0.60  0.60  0.60  0.60  0.60  0.60  0.60  0.60  0.60
  0.60  0.60  0.60  0.60  0.60  0.60  0.60  0.60  0.60  0.60  0.60  0.60  0.60  0.60  0.60  0.60  0.60  0.60  0.60  0.60  0.60  1.35  2.36  3.02  3.52  3.91  4.23  4.49  4.70  4.85  4.96  5.02  5.04  5.02  4.96  4.85  4.70  4.49  4.23  3.91  3.52  3.02  2.36  1.35  0.60  0.60  0.60  0.60  0.60  0.60  0.60  0.60  0.60  0.60  0.60  0.60  0.60  0.60  0.60  0.60  0.60  0.60  0.60  0.60
  0.60  0.60  0.60  0.60  0.60  0.60  0.60  0.60  0.60  0.60  0.60  0.60  0.60  0.60  0.60  0.60  0.60  0.60  0.60  0.60  0.60  1.48  2.45  3.09  3.58  3.98  4.30  4.56  4.76  4.91  5.02  5.09  5.11  5.09  5.02  4.91  4.76  4.56  4.30  3.98  3.58  3.09  2.45  1.48  0.60  0.60  0.60  0.60  0.60  0.60  0.60  0.60  0.60  0.60  0.60  0.60  0.60  0.60  0.60  0.60  0.60  0.60  0.60  0.60
  0.60  0.60  0.60  0.60  0.60  0.60  0.60  0.60  0.60  0.60  0.60  0.60  0.60  0.60  0.60  0.60  0.60  0.60  0.60  0.60  0.60  1.60  2.53  3.17  3.65  4.04  4.36  4.62  4.82  4.98  5.08  5.15  5.17  5.15  5.08  4.98  4.82  4.62  4.36  4.04  3.65  3.17  2.53  1.60  0.60  0.60  0.60  0.60  0.60  0.60  0.60  0.60  0.60  0.60  0.60  0.60  0.60  0.60  0.60  0.60  0.60  0.60  0.60  0.60
  0.60  0.60  0.60  0.60  0.60  0.60  0.60  0.60  0.60  0.60  0.60  0.60  0.60  0.60  0.60  0.60  0.60  0.60  0.60  0.60  0.60  1.72  2.61  3.24  3.72  4.11  4.42  4.68  4.88  5.04  5.14  5.21  5.23  5.21  5.14  5.04  4.88  4.68  4.42  4.11  3.72  3.24  2.61  1.72  0.60  0.60  0.60  0.60  0.60  0.60  0.60  0.60  0.60  0.60  0.60  0.60  0.60  0.60  0.60  0.60  0.60  0.60  0.60  0.60
  0.60  0.60  0.60  0.60  0.60  0.60  0.60  0.60  0.60  0.60  0.60  0.60  0.60  0.60  0.60  0.60  0.60  0.60  0.60  0.60  0.60  1.82  2.69  3.30  3.78  4.17  4.49  4.74  4.94  5.10  5.21  5.27  5.29  5.27  5.21  5.10  4.94  4.74  4.49  4.17  3.78  3.30  2.69  1.82  0.60  0.60  0.60  0.60  0.60  0.60  0.60  0.60  0.60  0.60  0.60  0.60  0.60  0.60  0.60  0.60  0.60  0.60  0.60  0.60
  0.60  0.60  0.60  0.60  0.60  0.60  0.60  0.60  0.60  0.60  0.60  0.60  0.60  0.60  0.60  0.60  0.60  0.60  0.60  0.60  0.60  1.92  2.77  3.37  3.85  4.23  4.55  4.80  5.00  5.16  5.26  5.33  5.35  5.33  5.26  5.16  5.00  4.80  4.55  4.23  3.85  3.37  2.77  1.92  0.60  0.60  0.60  0.60  0.60  0.60  0.60  0.60  0.60  0.60  0.60  0.60  0.60  0.60  0.60  0.60  0.60  0.60  0.60  0.60
  0.60  0.60  0.60  0.60  0.60  0.60  0.60  0.60  0.60  0.60  0.60  0.60  0.60  0.60  0.60  0.60  0.60  0.60  0.60  0.60  0.60  2.01  2.84  3.44  3.91  4.29  4.61  4.86  5.06  5.21  5.32  5.39  5.41  5.39  5.32  5.21  5.06  4.86  4.61  4.29  3.91  3.44  2.84  2.01  0.60  0.60  0.60  0.60  0.60  0.60  0.60  0.60  0.60  0.60  0.60  0.60  0.60  0.60  0.60  0.60  0.60  0.60  0.60  0.60
  0.60  0.60  0.60  0.60  0.60  0.60  0.60  0.60  0.60  0.60  0.60  0.60  0.60  0.60  0.60  0.60  0.60  0.60  0.60  0.60  0.60  2.10  2.91  3.50  3.97  4.35  4.66  4.92  5.12  5.27  5.38  5.44  5.47  5.44  5.38  5.27  5.12  4.92  4.66  4.35  3.97  3.50  2.91  2.10  0.60  0.60  0.60  0.60  0.60  0.60  0.60  0.60  0.60  0.60  0.60  0.60  0.60  0.60  0.60  0.60  0.60  0.60  0.60  0.60
  0.60  0.60  0.60  0.60  0.60  0.60  0.60  0.60  0.60  0.60  0.60  0.60  0.60  0.60  0.60  0.60  0.60  0.60  0.60  0.60  0.69  2.19  2.98  3.57  4.03  4.41  4.72  4.98  5.18  5.33  5.44  5.50  5.52  5.50  5.44  5.33  5.18  4.98  4.72  4.41  4.03  3.57  2.98  2.19  0.69  0.60  0.60  0.60  0.60  0.60  0.60  0.60  0.60  0.60  0.60  0.60  0.60  0.60  0.60  0.60  0.60  0.60  0.60  0.60
  0.60  0.60  0.60  0.60  0.60  0.60  0.60  0.60  0.60  0.60  0.60  0.60  0.60  0.60  0.60  0.60  0.60  0.60  0.60  0.60  0.90  2.27  3.05  3.63  4.09  4.47  4.78  5.03  5.23  5.39  5.49  5.56  5.58  5.56  5.49  5.39  5.23  5.03  4.78  4.47  4.09  3.63  3.05  2.27  0.90  0.60  0.60  0.60  0.60  0.60  0.60  0.60  0.60  0.60  0.60  0.60  0.60  0.60  0.60  0.60  0.60  0.60  0.60  0.60
  0.60  0.60  0.60  0.60  0.60  0.60  0.60  0.60  0.60  0.60  0.60  0.60  0.60  0.60  0.60  0.60  0.60  0.60  0.60  0.60  1.06  2.35  3.11  3.69  4.15  4.53  4.84  5.09  5.29  5.44  5.55  5.61  5.63  5.61  5.55  5.44  5.29  5.09  4.84  4.53  4.15  3.69  3.11  2.35  1.06  0.60  0.60  0.60  0.60  0.60  0.60  0.60  0.60  0.60  0.60  0.60  0.60  0.60  0.60  0.60  0.60  0.60  0.60  0.60
  0.60  0.60  0.60  0.60  0.60  0.60  0.60  0.60  0.60  0.60  0.60  0.60  0.60  0.60  0.60  0.60  0.60  0.60  0.60  0.60  1.21  2.43  3.18  3.75  4.21  4.58  4.89  5.14  5.34  5.50  5.60  5.67  5.69  5.67  5.60  5.50  5.34  5.14  4.89  4.58  4.21  3.75  3.18  2.43  1.21  0.60  0.60  0.60  0.60  0.60  0.60  0.60  0.60  0.60  0.60  0.60  0.60  0.60  0.60  0.60  0.60  0.60  0.60  0.60
  0.60  0.60  0.60  0.60  0.60  0.60  0.60  0.60  0.60  0.60  0.60  0.60  0.60  0.60  0.60  0.60  0.60  0.60  0.60  0.60  1.33  2.50  3.24  3.81  4.26  4.64  4.95  5.20  5.40  5.55  5.66  5.72  5.74  5.72  5.66  5.55  5.40  5.20  4.95  4.64  4.26  3.81  3.24  2.50  1.33  0.60  0.60  0.60  0.60  0.60  0.60  0.60  0.60  0.60  0.60  0.60  0.60  0.60  0.60  0.60  0.60  0.60  0.60  0.60
  0.60  0.60  0.60  0.60  0.60  0.60  0.60  0.60  0.60  0.60  0.60  0.60  0.60  0.60  0.60  0.60  0.60  0.60  0.60  0.60  1.45  2.57  3.30  3.87  4.32  4.69  5.00  5.25  5.45  5.60  5.71  5.77  5.79  5.77  5.71  5.60  5.45  5.25  5.00  4.69  4.32  3.87  3.30  2.57  1.45  0.60  0.60  0.60  0.60  0.60  0.60  0.60  0.60  0.60  0.60  0.60  0.60  0.60  0.60  0.60  0.60  0.60  0.60  0.60
  0.60  0.60  0.60  0.60  0.60  0.60  0.60  0.60  0.60  0.60  0.60  0.60  0.60  0.60  0.60  0.60  0.60  0.60  0.60  0.60  1.56  2.65  3.37  3.92  4.37  4.74  5.05  5.30  5.50  5.65  5.76  5.83  5.85  5.83  5.76  5.65  5.50  5.30  5.05  4.74  4.37  3.92  3.37  2.65  1.56  0.60  0.60  0.60  0.60  0.60  0.60  0.60  0.60  0.60  0.60  0.60  0.60  0.60  0.60  0.60  0.60  0.60  0.60  0.60
  0.60  0.60  0.60  0.60  0.60  0.60  0.60  0.60  0.60  0.60  0.60  0.60  0.60  0.60  0.60  0.60  0.60  0.60  0.60  0.60  1.66  2.71  3.43  3.98  4.43  4.80  5.10  5.35  5.55  5.71  5.81  5.88  5.90  5.88  5.81  5.71  5.55  5.35  5.10  4.80  4.43  3.98  3.43  2.71  1.66  0.60  0.60  0.60  0.60  0.60  0.60  0.60  0.60  0.60  0.60  0.60  0.60  0.60  0.60  0.60  0.60  0.60  0.60  0.60
  0.60  0.60  0.60  0.60  0.60  0.60  0.60  0.60  0.60  0.60  0.60  0.60  0.60  0.60  0.60  0.60  0.60  0.60  0.60  0.60  1.76  2.78  3.48  4.03  4.48  4.85  5.16  5.41  5.60  5.76  5.86  5.93  5.95  5.93  5.86  5.76  5.60  5.41  5.16  4.85  4.48  4.03  3.48  2.78  1.76  0.60  0.60  0.60  0.60  0.60  0.60  0.60  0.60  0.60  0.60  0.60  0.60  0.60  0.60  0.60  0.60  0.60  0.60  0.60
  0.60  0.60  0.60  0.60  0.60  0.60  0.60  0.60  0.60  0.60  0.60  0.60  0.60  0.60  0.60  0.60  0.60  0.60  0.60  0.60  1.85  2.84  3.54  4.09  4.53  4.90  5.21  5.46  5.66  5.81  5.92  5.98  6.00  5.98  5.92  5.81  5.66  5.46  5.21  4.90  4.53  4.09  3.54  2.84  1.85  0.60  0.60  0.60  0.60  0.60  0.60  0.60  0.60  0.60  0.60  0.60  0.60  0.60  0.60  0.60  0.60  0.60  0.60  0.60
  0.60  0.60  0.60  0.60  0.60  0.60  0.60  0.60  0.60  0.60  0.60  0.60  0.60  0.60  0.60  0.60  0.60  0.60  0.60  0.60  1.93  2.91  3.60  4.14  4.58  4.95  5.26  5.51  5.71  5.86  5.96  6.03  6.05  6.03  5.96  5.86  5.71  5.51  5.26  4.95  4.58  4.14  3.60  2.91  1.93  0.60  0.60  0.60  0.60  0.60  0.60  0.60  0.60  0.60  0.60  0.60  0.60  0.60  0.60  0.60  0.60  0.60  0.60  0.60
  0.60  0.60  0.60  0.60  0.60  0.60  0.60  0.60  0.60  0.60  0.60  0.60  0.60  0.60  0.60  0.60  0.60  0.60  0.60  0.60  2.01  2.97  3.65  4.19  4.63  5.00  5.31  5.56  5.75  5.91  6.01  6.08  6.10  6.08  6.01  5.91  5.75  5.56  5.31  5.00  4.63  4.19  3.65  2.97  2.01  0.60  0.60  0.60  0.60  0.60  0.60  0.60  0.60  0.60  0.60  0.60  0.60  0.60  0.60  0.60  0.60  0.60  0.60  0.60
  0.60  0.60  0.60  0.60  0.60  0.60  0.60  0.60  0.60  0.60  0.60  0.60  0.60  0.60  0.60  0.60  0.60  0.60  0.60  0.60  2.09  3.03  3.71  4.24  4.68  5.05  5.35  5.60  5.80  5.95  6.06  6.13  6.15  6.13  6.06  5.95  5.80  5.60  5.35  5.05  4.68  4.24  3.71  3.03  2.09  0.60  0.60  0.60  0.60  0.60  0.60  0.60  0.60  0.60  0.60  0.60  0.60  0.60  0.60  0.60  0.60  0.60  0.60  0.60
  0.60  0.60  0.60  0.60  0.60  0.60  0.60  0.60  0.60  0.60  0.60  0.60  0.60  0.60  0.60  0.60  0.60  0.60  0.60  0.60  2.17  3.09  3.76  4.29  4.73  5.10  5.40  5.65  5.85  6.00  6.11  6.17  6.20  6.17  6.11  6.00  5.85  5.65  5.40  5.10  4.73  4.29  3.76  3.09  2.17  0.60  0.60  0.60  0.60  0.60  0.60  0.60  0.60  0.60  0.60  0.60  0.60  0.60  0.60  0.60  0.60  0.60  0.60  0.60
  0.60  0.60  0.60  0.60  0.60  0.60  0.60  0.60  0.60  0.60  0.60  0.60  0.60  0.60  0.60  0.60  0.60  0.60  0.60  0.60  2.24  3.15  3.81  4.34  4.78  5.15  5.45  5.70  5.90  6.05  6.16  6.22  6.24  6.22  6.16  6.05  5.90  5.70  5.45  5.15  4.78  4.34  3.81  3.15  2.24  0.60  0.60  0.60  0.60  0.60  0.60  0.60  0.60  0.60  0.60  0.60  0.60  0.60  0.60  0.60  0.60  0.60  0.60  0.60
  0.60  0.60  0.60  0.60  0.60  0.60  0.60  0.60  0.60  0.60  0.60  0.60  0.60  0.60  0.60  0.60  0.60  0.60  0.60  0.60  2.31  3.20  3.86  4.39  4.83  5.19  5.50  5.75  5.94  6.10  6.20  6.27  6.29  6.27  6.20  6.10  5.94  5.75  5.50  5.19  4.83  4.39  3.86  3.20  2.31  0.60  0.60  0.60  0.60  0.60  0.60  0.60  0.60  0.60  0.60  0.60  0.60  0.60  0.60  0.60  0.60  0.60  0.60  0.60
  0.60  0.60  0.60  0.60  0.60  0.60  0.60  0.60  0.60  0.60  0.60  0.60  0.60  0.60  0.60  0.60  0.60  0.60  0.60  0.72  2.38  3.26  3.92  4.44  4.88  5.24  5.54  5.79  5.99  6.14  6.25  6.31  6.34  6.31  6.25  6.14  5.99  5.79  5.54  5.24  4.88  4.44  3.92  3.26  2.38  0.72  0.60  0.60  0.60  0.60  0.60  0.60  0.60  0.60  0.60  0.60  0.60  0.60  0.60  0.60  0.60  0.60  0.60  0.60
  0.60  0.60  0.60  0.60  0.60  0.60  0.60  0.60  0.60  0.60  0.60  0.60  0.60  0.60  0.60  0.60  0.60  0.60  0.60  0.90  2.45  3.32  3.97  4.49  4.92  5.29  5.59  5.84  6.04  6.19  6.30  6.36  6.38  6.36  6.30  6.19  6.04  5.84  5.59  5.29  4.92  4.49  3.97  3.32  2.45  0.90  0.60  0.60  0.60  0.60  0.60  0.60  0.60  0.60  0.60  0.60  0.60  0.60  0.60  0.60  0.60  0.60  0.60  0.60
  0.60  0.60  0.60  0.60  0.60  0.60  0.60  0.60  0.60  0.60  0.60  0.60  0.60  0.60  0.60  0.60  0.60  0.60  0.60  1.04  2.51  3.37  4.01  4.54  4.97  5.33  5.63  5.88  6.08  6.23  6.34  6.40  6.43  6.40  6.34  6.23  6.08  5.88  5.63  5.33  4.97  4.54  4.01  3.37  2.51  1.04  0.60  0.60  0.60  0.60  0.60  0.60  0.60  0.60  0.60  0.60  0.60  0.60  0.60  0.60  0.60  0.60  0.60  0.60
  0.60  0.60  0.60  0.60  0.60  0.60  0.60  0.60  0.60  0.60  0.60  0.60  0.60  0.60  0.60  0.60  0.60  0.60  0.60  1.17  2.58  3.42  4.06  4.58  5.02  5.38  5.68  5.93  6.13  6.28  6.38  6.45  6.47  6.45  6.38  6.28  6.13  5.93  5.68  5.38  5.02  4.58  4.06  3.42  2.58  1.17  0.60  0.60  0.60  0.60  0.60  0.60  0.60  0.60  0.60  0.60  0.60  0.60  0.60  0.60  0.60  0.60  0.60  0.60
  0.60  0.60  0.60  0.60  0.60  0.60  0.60  0.60  0.60  0.60  0.60  0.60  0.60  0.60  0.60  0.60  0.60  0.60  0.60  1.29  2.64  3.47  4.11  4.63  5.06  5.42  5.72  5.97  6.17  6.32  6.43  6.49  6.51  6.49  6.43  6.32  6.17  5.97  5.72  5.42  5.06  4.63  4.11  3.47  2.64  1.29  0.60  0.60  0.60  0.60  0.60  0.60  0.60  0.60  0.60  0.60  0.60  0.60  0.60  0.60  0.60  0.60  0.60  0.60
  0.60  0.60  0.60  0.60  0.60  0.60  0.60  0.60  0.60  0.60  0.60  0.60  0.60  0.60  0.60  0.60  0.60  0.60  0.60  1.39  2.70  3.52  4.16  4.67  5.10  5.46  5.77  6.01  6.21  6.36  6.47  6.54  6.56  6.54  6.47  6.36  6.21  6.01  5.77  5.46  5.10  4.67  4.16  3.52  2.70  1.39  0.60  0.60  0.60  0.60  0.60  0.60  0.60  0.60  0.60  0.60  0.60  0.60  0.60  0.60  0.60  0.60  0.60  0.60
  0.60  0.60  0.60  0.60  0.60  0.60  0.60  0.60  0.60  0.60  0.60  0.60  0.60  0.60  0.60  0.60  0.60  0.60  0.60  1.49  2.76  3.57  4.20  4.72  5.15  5.51  5.81  6.06  6.25  6.41  6.51  6.58  6.60  6.58  6.51  6.41  6.25  6.06  5.81  5.51  5.15  4.72  4.20  3.57  2.76  1.49  0.60  0.60  0.60  0.60  0.60  0.60  0.60  0.60  0.60  0.60  0.60  0.60  0.60  0.60  0.60  0.60  0.60  0.60
  0.60  0.60  0.60  0.60  0.60  0.60  0.60  0.60  0.60  0.60  0.60  0.60  0.60  0.60  0.60  0.60  0.60  0.60  0.60  1.59  2.82  3.62  4.25  4.76  5.19  5.55  5.85  6.10  6.30  6.45  6.56  6.62  6.64  6.62  6.56  6.45  6.30  6.10  5.85  5.55  5.19  4.76  4.25  3.62  2.82  1.59  0.60  0.60  0.60  0.60  0.60  0.60  0.60  0.60  0.60  0.60  0.60  0.60  0.60  0.60  0.60  0.60  0.60  0.60
  0.60  0.60  0.60  0.60  0.60  0.60  0.60  0.60  0.60  0.60  0.60  0.60  0.60  0.60  0.60  0.60  0.60  0.60  0.60  1.67  2.87  3.67  4.30  4.81  5.23  5.59  5.89  6.14  6.34  6.49  6.60  6.66  6.68  6.66  6.60  6.49  6.34  6.14  5.89  5.59  5.23  4.81  4.30  3.67  2.87  1.67  0.60  0.60  0.60  0.60  0.60  0.60  0.60  0.60  0.60  0.60  0.60  0.60  0.60  0.60  0.60  0.60  0.60  0.60
  0.60  0.60  0.60  0.60  0.60  0.60  0.60  0.60  0.60  0.60  0.60  0.60  0.60  0.60  0.60  0.60  0.60  0.60  0.60  1.76  2.93  3.72  4.34  4.85  5.28  5.63  5.93  6.18  6.38  6.53  6.64  6.70  6.72  6.70  6.64  6.53  6.38  6.18  5.93  5.63  5.28  4.85  4.34  3.72  2.93  1.76  0.60  0.60  0.60  0.60  0.60  0.60  0.60  0.60  0.60  0.60  0.60  0.60  0.60  0.60  0.60  0.60  0.60  0.60
  0.60  0.60  0.60  0.60  0.60  0.60  0.60  0.60  0.60  0.60  0.60  0.60  0.60  0.60  0.60  0.60  0.60  0.60  0.60  1.83  2.98  3.77  4.38  4.89  5.32  5.68  5.98  6.22  6.42  6.57  6.68  6.74  6.77  6.74  6.68  6.57  6.42  6.22  5.98  5.68  5.32  4.89  4.38  3.77  2.98  1.83  0.60  0.60  0.60  0.60  0.60  0.60  0.60  0.60  0.60  0.60  0.60  0.60  0.60  0.60  0.60  0.60  0.60  0.60
  0.60  0.60  0.60  0.60  0.60  0.60  0.60  0.60  0.60  0.60  0.60  0.60  0.60  0.60  0.60  0.60  0.60  0.60  0.60  1.91  3.03  3.81  4.43  4.93  5.36  5.72  6.02  6.26  6.46  6.61  6.72  6.78  6.81  6.78  6.72  6.61  6.46  6.26  6.02  5.72  5.36  4.93  4.43  3.81  3.03  1.91  0.60  0.60  0.60  0.60  0.60  0.60  0.60  0.60  0.60  0.60  0.60  0.60  0.60  0.60  0.60  0.60  0.60  0.60
  0.60  0.60  0.60  0.60  0.60  0.60  0.60  0.60  0.60  0.60  0.60  0.60  0.60  0.60  0.60  0.60  0.60  0.60  0.60  1.98  3.09  3.86  4.47  4.97  5.40  5.76  6.06  6.30  6.50  6.65  6.76  6.82  6.85  6.82  6.76  6.65  6.50  6.30  6.06  5.76  5.40  4.97  4.47  3.86  3.09  1.98  0.60  0.60  0.60  0.60  0.60  0.60  0.60  0.60  0.60  0.60  0.60  0.60  0.60  0.60  0.60  0.60  0.60  0.60
  0.60  0.60  0.60  0.60  0.60  0.60  0.60  0.60  0.60  0.60  0.60  0.60  0.60  0.60  0.60  0.60  0.60  0.60  0.60  2.05  3.14  3.90  4.51  5.02  5.44  5.80  6.09  6.34  6.54  6.69  6.80  6.86  6.88  6.86  6.80  6.69  6.54  6.34  6.09  5.80  5.44  5.02  4.51  3.90  3.14  2.05  0.60  0.60  0.60  0.60  0.60  0.60  0.60  0.60  0.60  0.60  0.60  0.60  0.60  0.60  0.60  0.60  0.60  0.60
  0.60  0.60  0.60  0.60  0.60  0.60  0.60  0.60  0.60  0.60  0.60  0.60  0.60  0.60  0.60  0.60  0.60  0.60  0.60  2.12  3.19  3.95  4.55  5.06  5.48  5.83  6.13  6.38  6.58  6.73  6.84  6.90  6.92  6.90  6.84  6.73  6.58  6.38  6.13  5.83  5.48  5.06  4.55  3.95  3.19  2.12  0.60  0.60  0.60  0.60  0.60  0.60  0.60  0.60  0.60  0.60  0.60  0.60  0.60  0.60  0.60  0.60  0.60  0.60
  0.60  0.60  0.60  0.60  0.60  0.60  0.60  0.60  0.60  0.60  0.60  0.60  0.60  0.60  0.60  0.60  0.60  0.60  0.60  2.19  3.24  3.99  4.59  5.10  5.52  5.87  6.17  6.42  6.62  6.77  6.88  6.94  6.96  6.94  6.88  6.77  6.62  6.42  6.17  5.87  5.52  5.10  4.59  3.99  3.24  2.19  0.60  0.60  0.60  0.60  0.60  0.60  0.60  0.60  0.60  0.60  0.60  0.60  0.60  0.60  0.60  0.60  0.60  0.60
  0.60  0.60  0.60  0.60  0.60  0.60  0.60  0.60  0.60  0.60  0.60  0.60  0.60  0.60  0.60  0.60  0.60  0.60  0.60  2.25  3.28  4.03  4.63  5.13  5.56  5.91  6.21  6.46  6.65  6.81  6.91  6.98  7.00  6.98  6.91  6.81  6.65  6.46  6.21  5.91  5.56  5.13  4.63  4.03  3.28  2.25  0.60  0.60  0.60  0.60  0.60  0.60  0.60  0.60  0.60  0.60  0.60  0.60  0.60  0.60  0.60  0.60  0.60  0.60
  0.60  0.60  0.60  0.60  0.60  0.60  0.60  0.60  0.60  0.60  0.60  0.60  0.60  0.60  0.60  0.60  0.60  0.60  0.60  2.31  3.33  4.08  4.67  5.17  5.59  5.95  6.25  6.49  6.69  6.84  6.95  7.02  7.04  7.02  6.95  6.84  6.69  6.49  6.25  5.95  5.59  5.17  4.67  4.08  3.33  2.31  0.60  0.60  0.60  0.60  0.60  0.60  0.60  0.60  0.60  0.60  0.60  0.60  0.60  0.60  0.60  0.60  0.60  0.60
  0.60  0.60  0.60  0.60  0.60  0.60  0.60  0.60  0.60  0.60  0.60  0.60  0.60  0.60  0.60  0.60  0.60  0.60  0.60  2.37  3.38  4.12  4.71  5.21  5.63  5.99  6.28  6.53  6.73  6.88  6.99  7.05  7.07  7.05  6.99  6.88  6.73  6.53  6.28  5.99  5.63  5.21  4.71  4.12  3.38  2.37  0.60  0.60  0.60  0.60  0.60  0.60  0.60  0.60  0.60  0.60  0.60  0.60  0.60  0.60  0.60  0.60  0.60  0.60
  0.60  0.60  0.60  0.60  0.60  0.60  0.60  0.60  0.60  0.60  0.60  0.60  0.60  0.60  0.60  0.60  0.60  0.60  0.60  2.43  3.42  4.16  4.75  5.25  5.67  6.02  6.32  6.57  6.76  6.92  7.02  7.09  7.11  7.09  7.02  6.92  6.76  6.57  6.32  6.02  5.67  5.25  4.75  4.16  3.42  2.43  0.60  0.60  0.60  0.60  0.60  0.60  0.60  0.60  0.60  0.60  0.60  0.60  0.60  0.60  0.60  0.60  0.60  0.60
  0.60  0.60  0.60  0.60  0.60  0.60  0.60  0.60  0.60  0.60  0.60  0.60  0.60  0.60  0.60  0.60  0.60  0.60  0.60  2.49  3.47  4.20  4.79  5.29  5.70  6.06  6.36  6.60  6.80  6.95  7.06  7.12  7.15  7.12  7.06  6.95  6.80  6.60  6.36  6.06  5.70  5.29  4.79  4.20  3.47  2.49  0.60  0.60  0.60  0.60  0.60  0.60  0.60  0.60  0.60  0.60  0.60  0.60  0.60  0.60  0.60  0.60  0.60  0.60
  0.60  0.60  0.60  0.60  0.60  0.60  0.60  0.60  0.60  0.60  0.60  0.60  0.60  0.60  0.60  0.60  0.60  0.60  0.60  2.54  3.51  4.24  4.83  5.32  5.74  6.09  6.39  6.64  6.84  6.99  7.10  7.16  7.18  7.16  7.10  6.99  6.84  6.64  6.39  6.09  5.74  5.32  4.83  4.24  3.51  2.54  0.60  0.60  0.60  0.60  0.60  0.60  0.60  0.60  0.60  0.60  0.60  0.60  0.60  0.60  0.60  0.60  0.60  0.60
  0.60  0.60  0.60  0.60  0.60  0.60  0.60  0.60  0.60  0.60  0.60  0.60  0.60  0.60  0.60  0.60  0.60  0.60  0.81  2.60  3.56  4.28  4.87  5.36  5.78  6.13  6.43  6.67  6.87  7.02  7.13  7.20  7.22  7.20  7.13  7.02  6.87  6.67  6.43  6.13  5.78  5.36  4.87  4.28  3.56  2.60  0.81  0.60  0.60  0.60  0.60  0.60  0.60  0.60  0.60  0.60  0.60  0.60  0.60  0.60  0.60  0.60  0.60  0.60
  0.60  0.60  0.60  0.60  0.60  0.60  0.60  0.60  0.60  0.60  0.60  0.60  0.60  0.60  0.60  0.60  0.60  0.60  0.95  2.65  3.60  4.32  4.90  5.40  5.81  6.17  6.46  6.71  6.91  7.06  7.17  7.23  7.25  7.23  7.17  7.06  6.91  6.71  6.46  6.17  5.81  5.40  4.90  4.32  3.60  2.65  0.95  0.60  0.60  0.60  0.60  0.60  0.60  0.60  0.60  0.60  0.60  0.60  0.60  0.60  0.60  0.60  0.60  0.60
  0.60  0.60  0.60  0.60  0.60  0.60  0.60  0.60  0.60  0.60  0.60  0.60  0.60  0.60  0.60  0.60  0.60  0.60  1.08  2.70  3.64  4.36  4.94  5.43  5.85  6.20  6.50  6.74  6.94  7.09  7.20  7.26  7.29  7.26  7.20  7.09  6.94  6.74  6.50  6.20  5.85  5.43  4.94  4.36  3.64  2.70  1.08  0.60  0.60  0.60  0.60  0.60  0.60  0.60  0.60  0.60  0.60  0.60  0.60  0.60  0.60  0.60  0.60  0.60
  0.60  0.60  0.60  0.60  0.60  0.60  0.60  0.60  0.60  0.60  0.60  0.60  0.60  0.60  0.60  0.60  0.60  0.60  1.19  2.75  3.68  4.39  4.98  5.47  5.88  6.23  6.53  6.78  6.97  7.13  7.23  7.30  7.32  7.30  7.23  7.13  6.97  6.78  6.53  6.23  5.88  5.47  4.98  4.39  3.68  2.75  1.19  0.60  0.60  0.60  0.60  0.60  0.60  0.60  0.60  0.60  0.60  0.60  0.60  0.60  0.60  0.60  0.60  0.60
  0.60  0.60  0.60  0.60  0.60  0.60  0.60  0.60  0.60  0.60  0.60  0.60  0.60  0.60  0.60  0.60  0.60  0.60  1.29  2.80  3.72  4.43  5.01  5.50  5.92  6.27  6.56  6.81  7.01  7.16  7.27  7.33  7.35  7.33  7.27  7.16  7.01  6.81  6.56  6.27  5.92  5.50  5.01  4.43  3.72  2.80  1.29  0.60  0.60  0.60  0.60  0.60  0.60  0.60  0.60  0.60  0.60  0.60  0.60  0.60  0.60  0.60  0.60  0.60
  0.60  0.60  0.60  0.60  0.60  0.60  0.60  0.60  0.60  0.60  0.60  0.60  0.60  0.60  0.60  0.60  0.60  0.60  1.38  2.85  3.76  4.47  5.05  5.53  5.95  6.30  6.60  6.84  7.04  7.19  7.30  7.36  7.39  7.36  7.30  7.19  7.04  6.84  6.60  6.30  5.95  5.53  5.05  4.47  3.76  2.85  1.38  0.60  0.60  0.60  0.60  0.60  0.60  0.60  0.60  0.60  0.60  0.60  0.60  0.60  0.60  0.60  0.60  0.60
  0.60  0.60  0.60  0.60  0.60  0.60  0.60  0.60  0.60  0.60  0.60  0.60  0.60  0.60  0.60  0.60  0.60  0.60  1.47  2.90  3.80  4.51  5.08  5.57  5.98  6.33  6.63  6.88  7.07  7.22  7.33  7.40  7.42  7.40  7.33  7.22  7.07  6.88  6.63  6.33  5.98  5.57  5.08  4.51  3.80  2.90  1.47  0.60  0.60  0.60  0.60  0.60  0.60  0.60  0.60  0.60  0.60  0.60  0.60  0.60  0.60  0.60  0.60  0.60
  0.60  0.60  0.60  0.60  0.60  0.60  0.60  0.60  0.60  0.60  0.60  0.60  0.60  0.60  0.60  0.60  0.60  0.60  1.55  2.95  3.84  4.54  5.12  5.60  6.02  6.37  6.66  6.91  7.10  7.26  7.36  7.43  7.45  7.43  7.36  7.26  7.11  6.91  6.66  6.37  6.02  5.60  5.12  4.54  3.84  2.95  1.55  0.60  0.60  0.60  0.60  0.60  0.60  0.60  0.60  0.60  0.60  0.60  0.60  0.60  0.60  0.60  0.60  0.60
  0.60  0.60  0.60  0.60  0.60  0.60  0.60  0.60  0.60  0.60  0.60  0.60  0.60  0.60  0.60  0.60  0.60  0.60  1.63  2.99  3.88  4.58  5.15  5.64  6.05  6.40  6.69  6.94  7.14  7.29  7.40  7.46  7.48  7.46  7.40  7.29  7.14  6.94  6.69  6.40  6.05  5.64  5.15  4.58  3.88  2.99  1.63  0.60  0.60  0.60  0.60  0.60  0.60  0.60  0.60  0.60  0.60  0.60  0.60  0.60  0.60  0.60  0.60  0.60
  0.60  0.60  0.60  0.60  0.60  0.60  0.60  0.60  0.60  0.60  0.60  0.60  0.60  0.60  0.60  0.60  0.60  0.60  1.70  3.04  3.92  4.61  5.18  5.67  6.08  6.43  6.73  6.97  7.17  7.32  7.43  7.49  7.51  7.49  7.43  7.32  7.17  6.97  6.73  6.43  6.08  5.67  5.18  4.61  3.92  3.04  1.70  0.60  0.60  0.60  0.60  0.60  0.60  0.60  0.60  0.60  0.60  0.60  0.60  0.60  0.60  0.60  0.60  0.60
  0.60  0.60  0.60  0.60  0.60  0.60  0.60  0.60  0.60  0.60  0.60  0.60  0.60  0.60  0.60  0.60  0.60  0.60  1.77  3.08  3.96  4.65  5.22  5.70  6.11  6.46  6.76  7.00  7.20  7.35  7.46  7.52  7.54  7.52  7.46  7.35  7.20  7.00  6.76  6.46  6.11  5.70  5.22  4.65  3.96  3.08  1.77  0.60  0.60  0.60  0.60  0.60  0.60  0.60  0.60  0.60  0.60  0.60  0.60  0.60  0.60  0.60  0.60  0.60
  0.60  0.60  0.60  0.60  0.60  0.60  0.60  0.60  0.60  0.60  0.60  0.60  0.60  0.60  0.60  0.60  0.60  0.60  1.84  3.13  4.00  4.68  5.25  5.73  6.14  6.49  6.79  7.03  7.23  7.38  7.49  7.55  7.57  7.55  7.49  7.38  7.23  7.03  6.79  6.49  6.14  5.73  5.25  4.68  4.00  3.13  1.84  0.60  0.60  0.60  0.60  0.60  0.60  0.60  0.60  0.60  0.60  0.60  0.60  0.60  0.60  0.60  0.60  0.60
  0.60  0.60  0.60  0.60  0.60  0.60  0.60  0.60  0.60  0.60  0.60  0.60  0.60  0.60  0.60  0.60  0.60  0.60  1.91  3.17  4.03  4.72  5.28  5.76  6.17  6.52  6.82  7.06  7.26  7.41  7.52  7.58  7.60  7.58  7.52  7.41  7.26  7.06  6.82  6.52  6.17  5.76  5.28  4.72  4.03  3.17  1.91  0.60  0.60  0.60  0.60  0.60  0.60  0.60  0.60  0.60  0.60  0.60  0.60  0.60  0.60  0.60  0.60  0.60
  0.60  0.60  0.60  0.60  0.60  0.60  0.60  0.60  0.60  0.60  0.60  0.60  0.60  0.60  0.60  0.60  0.60  0.60  1.97  3.21  4.07  4.75  5.31  5.79  6.20  6.55  6.85  7.09  7.29  7.44  7.55  7.61  7.63  7.61  7.55  7.44  7.29  7.09  6.85  6.55  6.20  5.79  5.31  4.75  4.07  3.21  1.97  0.60  0.60  0.60  0.60  0.60  0.60  0.60  0.60  0.60  0.60  0.60  0.60  0.60  0.60  0.60  0.60  0.60
  0.60  0.60  0.60  0.60  0.60  0.60  0.60  0.60  0.60  0.60  0.60  0.60  0.60  0.60  0.60  0.60  0.60  0.60  2.03  3.25  4.11  4.78  5.35  5.82  6.23  6.58  6.88  7.12  7.32  7.47  7.58  7.64  7.66  7.64  7.58  7.47  7.32  7.12  6.88  6.58  6.23  5.82  5.35  4.78  4.11  3.25  2.03  0.60  0.60  0.60  0.60  0.60  0.60  0.60  0.60  0.60  0.60  0.60  0.60  0.60  0.60  0.60  0.60  0.60
  0.60  0.60  0.60  0.60  0.60  0.60  0.60  0.60  0.60  0.60  0.60  0.60  0.60  0.60  0.60  0.60  0.60  0.60  2.09  3.30  4.14  4.82  5.38  5.85  6.26  6.61  6.91  7.15  7.35  7.50  7.61  7.67  7.69  7.67  7.61  7.50  7.35  7.15  6.91  6.61  6.26  5.85  5.38  4.82  4.14  3.30  2.09  0.60  0.60  0.60  0.60  0.60  0.60  0.60  0.60  0.60  0.60  0.60  0.60  0.60  0.60  0.60  0.60  0.60
  0.60  0.60  0.60  0.60  0.60  0.60  0.60  0.60  0.60  0.60  0.60  0.60  0.60  0.60  0.60  0.60  0.60  0.60  2.15  3.34  4.18  4.85  5.41  5.88  6.29  6.64  6.93  7.18  7.38  7.53  7.63  7.70  7.72  7.70  7.63  7.53  7.38  7.18  6.93  6.64  6.29  5.88  5.41  4.85  4.18  3.34  2.15  0.60  0.60  0.60  0.60  0.60  0.60  0.60  0.60  0.60  0.60  0.60  0.60  0.60  0.60  0.60  0.60  0.60
  0.60  0.60  0.60  0.60  0.60  0.60  0.60  0.60  0.60  0.60  0.60  0.60  0.60  0.60  0.60  0.60  0.60  0.60  2.21  3.38  4.21  4.88  5.44  5.91  6.32  6.67  6.96  7.21  7.40  7.56  7.66  7.73  7.75  7.73  7.66  7.56  7.40  7.21  6.96  6.67  6.32  5.91  5.44  4.88  4.21  3.38  2.21  0.60  0.60  0.60  0.60  0.60  0.60  0.60  0.60  0.60  0.60  0.60  0.60  0.60  0.60  0.60  0.60  0.60
  0.60  0.60  0.60  0.60  0.60  0.60  0.60  0.60  0.60  0.60  0.60  0.60  0.60  0.60  0.60  0.60  0.60  0.60  2.26  3.42  4.25  4.91  5.47  5.94  6.35  6.70  6.99  7.23  7.43  7.58  7.69  7.75  7.78  7.75  7.69  7.58  7.43  7.23  6.99  6.70  6.35  5.94  5.47  4.91  4.25  3.42  2.26  0.60  0.60  0.60  0.60  0.60  0.60  0.60  0.60  0.60  0.60  0.60  0.60  0.60  0.60  0.60  0.60  0.60
  0.60  0.60  0.60  0.60  0.60  0.60  0.60  0.60  0.60  0.60  0.60  0.60  0.60  0.60  0.60  0.60  0.60  0.60  2.32  3.45  4.28  4.94  5.50  5.97  6.38  6.73  7.02  7.26  7.46  7.61  7.72  7.78  7.80  7.78  7.72  7.61  7.46  7.26  7.02  6.73  6.38  5.97  5.50  4.94  4.28  3.45  2.32  0.60  0.60  0.60  0.60  0.60  0.60  0.60  0.60  0.60  0.60  0.60  0.60  0.60  0.60  0.60  0.60  0.60
  0.60  0.60  0.60  0.60  0.60  0.60  0.60  0.60  0.60  0.60  0.60  0.60  0.60  0.60  0.60  0.60  0.60  0.60  2.37  3.49  4.31  4.97  5.53  6.00  6.41  6.75  7.05  7.29  7.49  7.64  7.74  7.81  7.83  7.81  7.74  7.64  7.49  7.29  7.05  6.75  6.41  6.00  5.53  4.97  4.31  3.49  2.37  0.60  0.60  0.60  0.60  0.60  0.60  0.60  0.60  0.60  0.60  0.60  0.60  0.60  0.60  0.60  0.60  0.60
  0.60  0.60  0.60  0.60  0.60  0.60  0.60  0.60  0.60  0.60  0.60  0.60  0.60  0.60  0.60  0.60  0.60  0.60  2.42  3.53  4.34  5.00  5.56  6.03  6.43  6.78  7.07  7.32  7.51  7.66  7.77  7.83  7.86  7.83  7.77  7.66  7.51  7.32  7.07  6.78  6.43  6.03  5.56  5.00  4.34  3.53  2.42  0.60  0.60  0.60  0.60  0.60  0.60  0.60  0.60  0.60  0.60  0.60  0.60  0.60  0.60  0.60  0.60  0.60
  0.60  0.60  0.60  0.60  0.60  0.60  0.60  0.60  0.60  0.60  0.60  0.60  0.60  0.60  0.60  0.60  0.60  0.60  2.47  3.57  4.38  5.03  5.59  6.06  6.46  6.81  7.10  7.34  7.54  7.69  7.80  7.86  7.88  7.86  7.80  7.69  7.54  7.34  7.10  6.81  6.46  6.06  5.59  5.03  4.38  3.57  2.47  0.60  0.60  0.60  0.60  0.60  0.60  0.60  0.60  0.60  0.60  0.60  0.60  0.60  0.60  0.60  0.60  0.60
  0.60  0.60  0.60  0.60  0.60  0.60  0.60  0.60  0.60  0.60  0.60  0.60  0.60  0.60  0.60  0.60  0.60  0.60  2.52  3.60  4.41  5.06  5.61  6.08  6.49  6.83  7.13  7.37  7.56  7.72  7.82  7.89  7.91  7.89  7.82  7.72  7.56  7.37  7.13  6.83  6.49  6.08  5.61  5.06  4.41  3.60  2.52  0.60  0.60  0.60  0.60  0.60  0.60  0.60  0.60  0.60  0.60  0.60  0.60  0.60  0.60  0.60  0.60  0.60
  0.60  0.60  0.60  0.60  0.60  0.60  0.60  0.60  0.60  0.60  0.60  0.60  0.60  0.60  0.60  0.60  0.60  0.60  2.57  3.64  4.44  5.09  5.64  6.11  6.51  6.86  7.15  7.39  7.59  7.74  7.85  7.91  7.93  7.91  7.85  7.74  7.59  7.39  7.15  6.86  6.51  6.11  5.64  5.09  4.44  3.64  2.57  0.60  0.60  0.60  0.60  0.60  0.60  0.60  0.60  0.60  0.60  0.60  0.60  0.60  0.60  0.60  0.60  0.60
  0.60  0.60  0.60  0.60  0.60  0.60  0.60  0.60  0.60  0.60  0.60  0.60  0.60  0.60  0.60  0.60  0.60  0.60  2.61  3.68  4.47  5.12  5.67  6.14  6.54  6.88  7.18  7.42  7.61  7.77  7.87  7.94  7.96  7.94  7.87  7.77  7.61  7.42  7.18  6.88  6.54  6.14  5.67  5.12  4.47  3.68  2.61  0.60  0.60  0.60  0.60  0.60  0.60  0.60  0.60  0.60  0.60  0.60  0.60  0.60  0.60  0.60  0.60  0.60
  0.60  0.60  0.60  0.60  0.60  0.60  0.60  0.60  0.60  0.60  0.60  0.60  0.60  0.60  0.60  0.60  0.60  0.60  2.66  3.71  4.50  5.15  5.70  6.16  6.57  6.91  7.20  7.44  7.64  7.79  7.90  7.96  7.98  7.96  7.90  7.79  7.64  7.44  7.20  6.91  6.57  6.16  5.70  5.15  4.50  3.71  2.66  0.60  0.60  0.60  0.60  0.60  0.60  0.60  0.60  0.60  0.60  0.60  0.60  0.60  0.60  0.60  0.60  0.60
  0.60  0.60  0.60  0.60  0.60  0.60  0.60  0.60  0.60  0.60  0.60  0.60  0.60  0.60  0.60  0.60  0.60  0.68  2.71  3.75  4.53  5.18  5.72  6.19  6.59  6.93  7.23  7.47  7.66  7.81  7.92  7.99  8.01  7.99  7.92  7.81  7.66  7.47  7.23  6.93  6.59  6.19  5.72  5.18  4.53  3.75  2.71  0.68  0.60  0.60  0.60  0.60  0.60  0.60  0.60  0.60  0.60  0.60  0.60  0.60  0.60  0.60  0.60  0.60
  0.60  0.60  0.60  0.60  0.60  0.60  0.60  0.60  0.60  0.60  0.60  0.60  0.60  0.60  0.60  0.60  0.60  0.83  2.75  3.78  4.56  5.21  5.75  6.22  6.62  6.96  7.25  7.49  7.69  7.84  7.95  8.01  8.03  8.01  7.95  7.84  7.69  7.49  7.25  6.96  6.62  6.22  5.75  5.21  4.56  3.78  2.75  0.83  0.60  0.60  0.60  0.60  0.60  0.60  0.60  0.60  0.60  0.60  0.60  0.60  0.60  0.60  0.60  0.60
  0.60  0.60  0.60  0.60  0.60  0.60  0.60  0.60  0.60  0.60  0.60  0.60  0.60  0.60  0.60  0.60  0.60  0.96  2.79  3.81  4.59  5.23  5.78  6.24  6.64  6.98  7.27  7.52  7.71  7.86  7.97  8.03  8.05  8.03  7.97  7.86  7.71  7.52  7.27  6.98  6.64  6.24  5.78  5.23  4.59  3.81  2.79  0.96  0.60  0.60  0.60  0.60  0.60  0.60  0.60  0.60  0.60  0.60  0.60  0.60  0.60  0.60  0.60  0.60
  0.60  0.60  0.60  0.60  0.60  0.60  0.60  0.60  0.60  0.60  0.60  0.60  0.60  0.60  0.60  0.60  0.60  1.07  2.84  3.85  4.62  5.26  5.80  6.27  6.67  7.01  7.30  7.54  7.73  7.89  7.99  8.06  8.08  8.06  7.99  7.89  7.73  7.54  7.30  7.01  6.67  6.27  5.80  5.26  4.62  3.85  2.84  1.07  0.60  0.60  0.60  0.60  0.60  0.60  0.60  0.60  0.60  0.60  0.60  0.60  0.60  0.60  0.60  0.60
  0.60  0.60  0.60  0.60  0.60  0.60  0.60  0.60  0.60  0.60  0.60  0.60  0.60  0.60  0.60  0.60  0.60  1.17  2.88  3.88  4.65  5.29  5.83  6.29  6.69  7.03  7.32  7.56  7.76  7.91  8.01  8.08  8.10  8.08  8.01  7.91  7.76  7.56  7.32  7.03  6.69  6.29  5.83  5.29  4.65  3.88  2.88  1.17  0.60  0.60  0.60  0.60  0.60  0.60  0.60  0.60  0.60  0.60  0.60  0.60  0.60  0.60  0.60  0.60
  0.60  0.60  0.60  0.60  0.60  0.60  0.60  0.60  0.60  0.60  0.60  0.60  0.60  0.60  0.60  0.60  0.60  1.26  2.92  3.91  4.68  5.31  5.85  6.31  6.71  7.05  7.34  7.59  7.78  7.93  8.04  8.10  8.12  8.10  8.04  7.93  7.78  7.59  7.34  7.05  6.71  6.31  5.85  5.31  4.68  3.91  2.92  1.26  0.60  0.60  0.60  0.60  0.60  0.60  0.60  0.60  0.60  0.60  0.60  0.60  0.60  0.60  0.60  0.60
  0.60  0.60  0.60  0.60  0.60  0.60  0.60  0.60  0.60  0.60  0.60  0.60  0.60  0.60  0.60  0.60  0.60  1.35  2.96  3.95  4.71  5.34  5.88  6.34  6.74  7.08  7.37  7.61  7.80  7.95  8.06  8.12  8.14  8.12  8.06  7.95  7.80  7.61  7.37  7.08  6.74  6.34  5.88  5.34  4.71  3.95  2.96  1.35  0.60  0.60  0.60  0.60  0.60  0.60  0.60  0.60  0.60  0.60  0.60  0.60  0.60  0.60  0.60  0.60
  0.60  0.60  0.60  0.60  0.60  0.60  0.60  0.60  0.60  0.60  0.60  0.60  0.60  0.60  0.60  0.60  0.60  1.43  3.00  3.98  4.74  5.37  5.90  6.36  6.76  7.10  7.39  7.63  7.82  7.97  8.08  8.14  8.17  8.14  8.08  7.97  7.82  7.63  7.39  7.10  6.76  6.36  5.90  5.37  4.74  3.98  3.00  1.43  0.60  0.60  0.60  0.60  0.60  0.60  0.60  0.60  0.60  0.60  0.60  0.60  0.60  0.60  0.60  0.60
  0.60  0.60  0.60  0.60  0.60  0.60  0.60  0.60  0.60  0.60  0.60  0.60  0.60  0.60  0.60  0.60  0.60  1.50  3.04  4.01  4.76  5.39  5.93  6.39  6.78  7.12  7.41  7.65  7.85  8.00  8.10  8.17  8.19  8.17  8.10  8.00  7.85  7.65  7.41  7.12  6.78  6.39  5.93  5.39  4.76  4.01  3.04  1.50  0.60  0.60  0.60  0.60  0.60  0.60  0.60  0.60  0.60  0.60  0.60  0.60  0.60  0.60  0.60  0.60
  0.60  0.60  0.60  0.60  0.60  0.60  0.60  0.60  0.60  0.60  0.60  0.60  0.60  0.60  0.60  0.60  0.60  1.58  3.08  4.04  4.79  5.42  5.95  6.41  6.80  7.14  7.43  7.67  7.87  8.02  8.12  8.19  8.21  8.19  8.12  8.02  7.87  7.67  7.43  7.14  6.80  6.41  5.95  5.42  4.79  4.04  3.08  1.58  0.60  0.60  0.60  0.60  0.60  0.60  0.60  0.60  0.60  0.60  0.60  0.60  0.60  0.60  0.60  0.60
  0.60  0.60  0.60  0.60  0.60  0.60  0.60  0.60  0.60  0.60  0.60  0.60  0.60  0.60  0.60  0.60  0.60  1.65  3.12  4.07  4.82  5.44  5.97  6.43  6.83  7.17  7.45  7.69  7.89  8.04  8.14  8.21  8.23  8.21  8.14  8.04  7.89  7.69  7.45  7.17  6.83  6.43  5.97  5.44  4.82  4.07  3.12  1.65  0.60  0.60  0.60  0.60  0.60  0.60  0.60  0.60  0.60  0.60  0.60  0.60  0.60  0.60  0.60  0.60
  0.60  0.60  0.60  0.60  0.60  0.60  0.60  0.60  0.60  0.60  0.60  0.60  0.60  0.60  0.60  0.60  0.60  1.71  3.15  4.10  4.85  5.47  6.00  6.45  6.85  7.19  7.47  7.71  7.91  8.06  8.16  8.23  8.25  8.23  8.16  8.06  7.91  7.71  7.47  7.19  6.85  6.45  6.00  5.47  4.85  4.10  3.15  1.71  0.60  0.60  0.60  0.60  0.60  0.60  0.60  0.60  0.60  0.60  0.60  0.60  0.60  0.60  0.60  0.60
  0.60  0.60  0.60  0.60  0.60  0.60  0.60  0.60  0.60  0.60  0.60  0.60  0.60  0.60  0.60  0.60  0.60  1.78  3.19  4.13  4.87  5.49  6.02  6.48  6.87  7.21  7.49  7.73  7.93  8.08  8.18  8.25  8.27  8.25  8.18  8.08  7.93  7.73  7.49  7.21  6.87  6.48  6.02  5.49  4.87  4.13  3.19  1.78  0.60  0.60  0.60  0.60  0.60  0.60  0.60  0.60  0.60  0.60  0.60  0.60  0.60  0.60  0.60  0.60
  0.60  0.60  0.60  0.60  0.60  0.60  0.60  0.60  0.60  0.60  0.60  0.60  0.60  0.60  0.60  0.60  0.60  1.84  3.23  4.16  4.90  5.51  6.04  6.50  6.89  7.23  7.51  7.75  7.95  8.10  8.20  8.27  8.29  8.27  8.20  8.10  7.95  7.75  7.51  7.23  6.89  6.50  6.04  5.51  4.90  4.16  3.23  1.84  0.60  0.60  0.60  0.60  0.60  0.60  0.60  0.60  0.60  0.60  0.60  0.60  0.60  0.60  0.60  0.60
  0.60  0.60  0.60  0.60  0.60  0.60  0.60  0.60  0.60  0.60  0.60  0.60  0.60  0.60  0.60  0.60  0.60  1.90  3.26  4.19  4.92  5.54  6.06  6.52  6.91  7.25  7.53  7.77  7.97  8.12  8.22  8.28  8.31  8.28  8.22  8.12  7.97  7.77  7.53  7.25  6.91  6.52  6.06  5.54  4.92  4.19  3.26  1.90  0.60  0.60  0.60  0.60  0.60  0.60  0.60  0.60  0.60  0.60  0.60  0.60  0.60  0.60  0.60  0.60
  0.60  0.60  0.60  0.60  0.60  0.60  0.60  0.60  0.60  0.60  0.60  0.60  0.60  0.60  0.60  0.60  0.60  1.96  3.30  4.22  4.95  5.56  6.09  6.54  6.93  7.27  7.55  7.79  7.99  8.13  8.24  8.30  8.32  8.30  8.24  8.13  7.99  7.79  7.55  7.27  6.93  6.54  6.09  5.56  4.95  4.22  3.30  1.96  0.60  0.60  0.60  0.60  0.60  0.60  0.60  0.60  0.60  0.60  0.60  0.60  0.60  0.60  0.60  0.60
  0.60  0.60  0.60  0.60  0.60  0.60  0.60  0.60  0.60  0.60  0.60  0.60  0.60  0.60  0.60  0.60  0.60  2.01  3.33  4.25  4.97  5.58  6.11  6.56  6.95  7.29  7.57  7.81  8.00  8.15  8.26  8.32  8.34  8.32  8.26  8.15  8.00  7.81  7.57  7.29  6.95  6.56  6.11  5.58  4.97  4.25  3.33  2.01  0.60  0.60  0.60  0.60  0.60  0.60  0.60  0.60  0.60  0.60  0.60  0.60  0.60  0.60  0.60  0.60
  0.60  0.60  0.60  0.60  0.60  0.60  0.60  0.60  0.60  0.60  0.60  0.60  0.60  0.60  0.60  0.60  0.60  2.07  3.37  4.27  5.00  5.61  6.13  6.58  6.97  7.31  7.59  7.83  8.02  8.17  8.28  8.34  8.36  8.34  8.28  8.17  8.02  7.83  7.59  7.31  6.97  6.58  6.13  5.61  5.00  4.27  3.37  2.07  0.60  0.60  0.60  0.60  0.60  0.60  0.60  0.60  0.60  0.60  0.60  0.60  0.60  0.60  0.60  0.60
  0.60  0.60  0.60  0.60  0.60  0.60  0.60  0.60  0.60  0.60  0.60  0.60  0.60  0.60  0.60  0.60  0.60  2.12  3.40  4.30  5.02  5.63  6.15  6.60  6.99  7.33  7.61  7.85  8.04  8.19  8.29  8.36  8.38  8.36  8.29  8.19  8.04  7.85  7.61  7.33  6.99  6.60  6.15  5.63  5.02  4.30  3.40  2.12  0.60  0.60  0.60  0.60  0.60  0.60  0.60  0.60  0.60  0.60  0.60  0.60  0.60  0.60  0.60  0.60
  0.60  0.60  0.60  0.60  0.60  0.60  0.60  0.60  0.60  0.60  0.60  0.60  0.60  0.60  0.60  0.60  0.60  2.17  3.43  4.33  5.05  5.65  6.17  6.62  7.01  7.34  7.63  7.87  8.06  8.21  8.31  8.37  8.40  8.37  8.31  8.21  8.06  7.87  7.63  7.34  7.01  6.62  6.17  5.65  5.05  4.33  3.43  2.17  0.60  0.60  0.60  0.60  0.60  0.60  0.60  0.60  0.60  0.60  0.60  0.60  0.60  0.60  0.60  0.60
  0.60  0.60  0.60  0.60  0.60  0.60  0.60  0.60  0.60  0.60  0.60  0.60  0.60  0.60  0.60  0.60  0.60  2.22  3.47  4.36  5.07  5.67  6.19  6.64  7.03  7.36  7.65  7.88  8.08  8.22  8.33  8.39  8.41  8.39  8.33  8.22  8.08  7.88  7.65  7.36  7.03  6.64  6.19  5.67  5.07  4.36  3.47  2.22  0.60  0.60  0.60  0.60  0.60  0.60  0.60  0.60  0.60  0.60  0.60  0.60  0.60  0.60  0.60  0.60
  0.60  0.60  0.60  0.60  0.60  0.60  0.60  0.60  0.60  0.60  0.60  0.60  0.60  0.60  0.60  0.60  0.60  2.27  3.50  4.38  5.09  5.69  6.21  6.66  7.05  7.38  7.66  7.90  8.09  8.24  8.35  8.41  8.43  8.41  8.35  8.24  8.09  7.90  7.66  7.38  7.05  6.66  6.21  5.69  5.09  4.38  3.50  2.27  0.60  0.60  0.60  0.60  0.60  0.60  0.60  0.60  0.60  0.60  0.60  0.60  0.60  0.60  0.60  0.60
  0.60  0.60  0.60  0.60  0.60  0.60  0.60  0.60  0.60  0.60  0.60  0.60  0.60  0.60  0.60  0.60  0.60  2.32  3.53  4.41  5.12  5.72  6.23  6.68  7.06  7.40  7.68  7.92  8.11  8.26  8.36  8.42  8.45  8.42  8.36  8.26  8.11  7.92  7.68  7.40  7.06  6.68  6.23  5.72  5.12  4.41  3.53  2.32  0.60  0.60  0.60  0.60  0.60  0.60  0.60  0.60  0.60  0.60  0.60  0.60  0.60  0.60  0.60  0.60
  0.60  0.60  0.60  0.60  0.60  0.60  0.60  0.60  0.60  0.60  0.60  0.60  0.60  0.60  0.60  0.60  0.60  2.37  3.56  4.43  5.14  5.74  6.25  6.70  7.08  7.42  7.70  7.93  8.13  8.27  8.38  8.44  8.46  8.44  8.38  8.27  8.13  7.93  7.70  7.42  7.08  6.70  6.25  5.74  5.14  4.43  3.56  2.37  0.60  0.60  0.60  0.60  0.60  0.60  0.60  0.60  0.60  0.60  0.60  0.60  0.60  0.60  0.60  0.60
  0.60  0.60  0.60  0.60  0.60  0.60  0.60  0.60  0.60  0.60  0.60  0.60  0.60  0.60  0.60  0.60  0.60  2.41  3.59  4.46  5.16  5.76  6.27  6.71  7.10  7.43  7.71  7.95  8.14  8.29  8.39  8.46  8.48  8.46  8.39  8.29  8.14  7.95  7.71  7.43  7.10  6.71  6.27  5.76  5.16  4.46  3.59  2.41  0.60  0.60  0.60  0.60  0.60  0.60  0.60  0.60  0.60  0.60  0.60  0.60  0.60  0.60  0.60  0.60
  0.60  0.60  0.60  0.60  0.60  0.60  0.60  0.60  0.60  0.60  0.60  0.60  0.60  0.60  0.60  0.60  0.60  2.46  3.63  4.49  5.19  5.78  6.29  6.73  7.12  7.45  7.73  7.97  8.16  8.30  8.41  8.47  8.49  8.47  8.41  8.30  8.16  7.97  7.73  7.45  7.12  6.73  6.29  5.78  5.19  4.49  3.63  2.46  0.60  0.60  0.60  0.60  0.60  0.60  0.60  0.60  0.60  0.60  0.60  0.60  0.60  0.60  0.60  0.60
  0.60  0.60  0.60  0.60  0.60  0.60  0.60  0.60  0.60  0.60  0.60  0.60  0.60  0.60  0.60  0.60  0.60  2.50  3.66  4.51  5.21  5.80  6.31  6.75  7.13  7.46  7.75  7.98  8.17  8.32  8.42  8.49  8.51  8.49  8.42  8.32  8.17  7.98  7.75  7.47  7.13  6.75  6.31  5.80  5.21  4.51  3.66  2.50  0.60  0.60  0.60  0.60  0.60  0.60  0.60  0.60  0.60  0.60  0.60  0.60  0.60  0.60  0.60  0.60
  0.60  0.60  0.60  0.60  0.60  0.60  0.60  0.60  0.60  0.60  0.60  0.60  0.60  0.60  0.60  0.60  0.60  2.54  3.69  4.54  5.23  5.82  6.33  6.77  7.15  7.48  7.76  8.00  8.19  8.33  8.44  8.50  8.52  8.50  8.44  8.33  8.19  8.00  7.76  7.48  7.15  6.77  6.33  5.82  5.23  4.54  3.69  2.54  0.60  0.60  0.60  0.60  0.60  0.60  0.60  0.60  0.60  0.60  0.60  0.60  0.60  0.60  0.60  0.60
  0.60  0.60  0.60  0.60  0.60  0.60  0.60  0.60  0.60  0.60  0.60  0.60  0.60  0.60  0.60  0.60  0.60  2.59  3.72  4.56  5.25  5.84  6.34  6.78  7.17  7.50  7.78  8.01  8.20  8.35  8.45  8.51  8.54  8.51  8.45  8.35  8.20  8.01  7.78  7.50  7.17  6.78  6.34  5.84  5.25  4.56  3.72  2.59  0.60  0.60  0.60  0.60  0.60  0.60  0.60  0.60  0.60  0.60  0.60  0.60  0.60  0.60  0.60  0.60
  0.60  0.60  0.60  0.60  0.60  0.60  0.60  0.60  0.60  0.60  0.60  0.60  0.60  0.60  0.60  0.60  0.60  2.63  3.75  4.58  5.27  5.86  6.36  6.80  7.18  7.51  7.79  8.03  8.22  8.36  8.47  8.53  8.55  8.53  8.47  8.36  8.22  8.03  7.79  7.51  7.18  6.80  6.36  5.86  5.27  4.58  3.75  2.63  0.60  0.60  0.60  0.60  0.60  0.60  0.60  0.60  0.60  0.60  0.60  0.60  0.60  0.60  0.60  0.60
  0.60  0.60  0.60  0.60  0.60  0.60  0.60  0.60  0.60  0.60  0.60  0.60  0.60  0.60  0.60  0.60  0.60  2.67  3.77  4.61  5.29  5.88  6.38  6.82  7.20  7.53  7.81  8.04  8.23  8.38  8.48  8.54  8.56  8.54  8.48  8.38  8.23  8.04  7.81  7.53  7.20  6.82  6.38  5.88  5.29  4.61  3.77  2.67  0.60  0.60  0.60  0.60  0.60  0.60  0.60  0.60  0.60  0.60  0.60  0.60  0.60  0.60  0.60  0.60
  0.60  0.60  0.60  0.60  0.60  0.60  0.60  0.60  0.60  0.60  0.60  0.60  0.60  0.60  0.60  0.60  0.60  2.71  3.80  4.63  5.31  5.89  6.40  6.83  7.21  7.54  7.82  8.05  8.24  8.39  8.49  8.55  8.58  8.55  8.49  8.39  8.24  8.05  7.82  7.54  7.21  6.83  6.40  5.89  5.31  4.63  3.80  2.71  0.60  0.60  0.60  0.60  0.60  0.60  0.60  0.60  0.60  0.60  0.60  0.60  0.60  0.60  0.60  0.60
  0.00  0.00  0.00  0.00  0.00  0.00  0.00  0.00  0.00  0.00  0.00  0.00  0.00  0.00  0.00  0.00  0.00  2.68  3.78  4.62  5.30  5.88  6.39  6.82  7.20  7.53  7.81  8.05  8.23  8.38  8.48  8.55  8.57  8.55  8.48  8.38  8.23  8.05  7.81  7.53  7.20  6.82  6.39  5.88  5.30  4.62  3.78  2.68  0.00  0.00  0.00  0.00  0.00  0.00  0.00  0.00  0.00  0.00  0.00  0.00  0.00  0.00  0.00  0.00
